location;date;total_populations;daily_infected;cum_daily_infected;daily_death_counts;cum_daily_death_counts
World;2020-01-03 00:00:00.000;7975105024;0;0;0;0
World;2020-01-04 00:00:00.000;7975105024;3;3;0;0
World;2020-01-05 00:00:00.000;7975105024;0;3;3;3
World;2020-01-06 00:00:00.000;7975105024;3;6;0;3
World;2020-01-07 00:00:00.000;7975105024;0;6;0;3
World;2020-01-08 00:00:00.000;7975105024;1;7;0;3
World;2020-01-09 00:00:00.000;7975105024;0;7;0;3
World;2020-01-10 00:00:00.000;7975105024;0;7;0;3
World;2020-01-11 00:00:00.000;7975105024;0;7;0;3
World;2020-01-12 00:00:00.000;7975105024;41;48;1;4
World;2020-01-13 00:00:00.000;7975105024;1;49;0;4
World;2020-01-14 00:00:00.000;7975105024;5;54;0;4
World;2020-01-15 00:00:00.000;7975105024;0;54;0;4
World;2020-01-16 00:00:00.000;7975105024;0;54;0;4
World;2020-01-17 00:00:00.000;7975105024;4;58;1;5
World;2020-01-18 00:00:00.000;7975105024;4;62;0;5
World;2020-01-19 00:00:00.000;7975105024;79;141;1;6
World;2020-01-20 00:00:00.000;7975105024;78;219;1;7
World;2020-01-21 00:00:00.000;7975105024;93;312;2;9
World;2020-01-22 00:00:00.000;7975105024;148;460;11;20
World;2020-01-23 00:00:00.000;7975105024;133;593;1;21
World;2020-01-24 00:00:00.000;7975105024;271;864;8;29
World;2020-01-25 00:00:00.000;7975105024;473;1337;16;45
World;2020-01-26 00:00:00.000;7975105024;705;2042;17;62
World;2020-01-27 00:00:00.000;7975105024;790;2832;26;88
World;2020-01-28 00:00:00.000;7975105024;1779;4611;49;137
World;2020-01-29 00:00:00.000;7975105024;1477;6088;2;139
World;2020-01-30 00:00:00.000;7975105024;1754;7842;38;177
World;2020-01-31 00:00:00.000;7975105024;2015;9857;42;219
World;2020-02-01 00:00:00.000;7975105024;2113;11970;47;266
World;2020-02-02 00:00:00.000;7975105024;2621;14591;106;372
World;2020-02-03 00:00:00.000;7975105024;2836;17427;64;436
World;2020-02-04 00:00:00.000;7975105024;3253;20680;67;503
World;2020-02-05 00:00:00.000;7975105024;3936;24616;72;575
World;2020-02-06 00:00:00.000;7975105024;3716;28332;70;645
World;2020-02-07 00:00:00.000;7975105024;3159;31491;85;730
World;2020-02-08 00:00:00.000;7975105024;3397;34888;87;817
World;2020-02-09 00:00:00.000;7975105024;2699;37587;100;917
World;2020-02-10 00:00:00.000;7975105024;2993;40580;107;1024
World;2020-02-11 00:00:00.000;7975105024;2482;43062;100;1124
World;2020-02-12 00:00:00.000;7975105024;2034;45096;5;1129
World;2020-02-13 00:00:00.000;7975105024;15168;60264;253;1382
World;2020-02-14 00:00:00.000;7975105024;4068;64332;152;1534
World;2020-02-15 00:00:00.000;7975105024;2662;66994;142;1676
World;2020-02-16 00:00:00.000;7975105024;2045;69039;105;1781
World;2020-02-17 00:00:00.000;7975105024;2062;71101;98;1879
World;2020-02-18 00:00:00.000;7975105024;1908;73009;139;2018
World;2020-02-19 00:00:00.000;7975105024;1799;74808;113;2131
World;2020-02-20 00:00:00.000;7975105024;422;75230;123;2254
World;2020-02-21 00:00:00.000;7975105024;996;76226;2;2256
World;2020-02-22 00:00:00.000;7975105024;1067;77293;209;2465
World;2020-02-23 00:00:00.000;7975105024;991;78284;6;2471
World;2020-02-24 00:00:00.000;7975105024;516;78800;159;2630
World;2020-02-25 00:00:00.000;7975105024;786;79586;79;2709
World;2020-02-26 00:00:00.000;7975105024;855;80441;62;2771
World;2020-02-27 00:00:00.000;7975105024;1093;81534;38;2809
World;2020-02-28 00:00:00.000;7975105024;1201;82735;57;2866
World;2020-02-29 00:00:00.000;7975105024;1816;84551;64;2930
World;2020-03-01 00:00:00.000;7975105024;2005;86556;56;2986
World;2020-03-02 00:00:00.000;7975105024;1942;88498;67;3053
World;2020-03-03 00:00:00.000;7975105024;1798;90296;68;3121
World;2020-03-04 00:00:00.000;7975105024;2216;92512;87;3208
World;2020-03-05 00:00:00.000;7975105024;2162;94674;87;3295
World;2020-03-06 00:00:00.000;7975105024;2487;97161;100;3395
World;2020-03-07 00:00:00.000;7975105024;3257;100418;102;3497
World;2020-03-08 00:00:00.000;7975105024;6354;106772;138;3635
World;2020-03-09 00:00:00.000;7975105024;3272;110044;222;3857
World;2020-03-10 00:00:00.000;7975105024;3859;113903;174;4031
World;2020-03-11 00:00:00.000;7975105024;3928;117831;269;4300
World;2020-03-12 00:00:00.000;7975105024;6008;123839;305;4605
World;2020-03-13 00:00:00.000;7975105024;6748;130587;320;4925
World;2020-03-14 00:00:00.000;7975105024;7319;137906;400;5325
World;2020-03-15 00:00:00.000;7975105024;29312;167218;964;6289
World;2020-03-16 00:00:00.000;7975105024;8565;175783;564;6853
World;2020-03-17 00:00:00.000;7975105024;10355;186138;587;7440
World;2020-03-18 00:00:00.000;7975105024;11532;197670;638;8078
World;2020-03-19 00:00:00.000;7975105024;14178;211848;792;8870
World;2020-03-20 00:00:00.000;7975105024;17041;228889;823;9693
World;2020-03-21 00:00:00.000;7975105024;20499;249388;1062;10755
World;2020-03-22 00:00:00.000;7975105024;89154;338542;5231;15986
World;2020-03-23 00:00:00.000;7975105024;22462;361004;1193;17179
World;2020-03-24 00:00:00.000;7975105024;26550;387554;1237;18416
World;2020-03-25 00:00:00.000;7975105024;30019;417573;1494;19910
World;2020-03-26 00:00:00.000;7975105024;31299;448872;1599;21509
World;2020-03-27 00:00:00.000;7975105024;38012;486884;1830;23339
World;2020-03-28 00:00:00.000;7975105024;44667;531551;2259;25598
World;2020-03-29 00:00:00.000;7975105024;158478;690029;12671;38269
World;2020-03-30 00:00:00.000;7975105024;43212;733241;2421;40690
World;2020-03-31 00:00:00.000;7975105024;49031;782272;2901;43591
World;2020-04-01 00:00:00.000;7975105024;43914;826186;3026;46617
World;2020-04-02 00:00:00.000;7975105024;52044;878230;3421;50038
World;2020-04-03 00:00:00.000;7975105024;58927;937157;3795;53833
World;2020-04-04 00:00:00.000;7975105024;60801;997958;4131;57964
World;2020-04-05 00:00:00.000;7975105024;158463;1156421;17151;75115
World;2020-04-06 00:00:00.000;7975105024;59795;1216216;4401;79516
World;2020-04-07 00:00:00.000;7975105024;54684;1270900;4878;84394
World;2020-04-08 00:00:00.000;7975105024;60420;1331320;4726;89120
World;2020-04-09 00:00:00.000;7975105024;63611;1394931;5291;94411
World;2020-04-10 00:00:00.000;7975105024;69661;1464592;5704;100115
World;2020-04-11 00:00:00.000;7975105024;72726;1537318;5609;105724
World;2020-04-12 00:00:00.000;7975105024;143460;1680778;17072;122796
World;2020-04-13 00:00:00.000;7975105024;64320;1745098;5502;128298
World;2020-04-14 00:00:00.000;7975105024;57675;1802773;5210;133508
World;2020-04-15 00:00:00.000;7975105024;57173;1859946;5377;138885
World;2020-04-16 00:00:00.000;7975105024;62512;1922458;5867;144752
World;2020-04-17 00:00:00.000;7975105024;67068;1989526;6215;150967
World;2020-04-18 00:00:00.000;7975105024;74007;2063533;7316;158283
World;2020-04-19 00:00:00.000;7975105024;124277;2187810;14470;172753
World;2020-04-20 00:00:00.000;7975105024;66401;2254211;5088;177841
World;2020-04-21 00:00:00.000;7975105024;64646;2318857;5182;183023
World;2020-04-22 00:00:00.000;7975105024;65295;2384152;5467;188490
World;2020-04-23 00:00:00.000;7975105024;66923;2451075;5910;194400
World;2020-04-24 00:00:00.000;7975105024;72519;2523594;5584;199984
World;2020-04-25 00:00:00.000;7975105024;89177;2612771;5489;205473
World;2020-04-26 00:00:00.000;7975105024;115307;2728078;11690;217163
World;2020-04-27 00:00:00.000;7975105024;76030;2804108;4954;222117
World;2020-04-28 00:00:00.000;7975105024;65252;2869360;4637;226754
World;2020-04-29 00:00:00.000;7975105024;65120;2934480;4933;231687
World;2020-04-30 00:00:00.000;7975105024;70681;3005161;5456;237143
World;2020-05-01 00:00:00.000;7975105024;75994;3081155;5724;242867
World;2020-05-02 00:00:00.000;7975105024;83789;3164944;5599;248466
World;2020-05-03 00:00:00.000;7975105024;108772;3273716;9830;258296
World;2020-05-04 00:00:00.000;7975105024;77609;3351325;4796;263092
World;2020-05-05 00:00:00.000;7975105024;76405;3427730;4450;267542
World;2020-05-06 00:00:00.000;7975105024;72623;3500353;4425;271967
World;2020-05-07 00:00:00.000;7975105024;77568;3577921;6041;278008
World;2020-05-08 00:00:00.000;7975105024;84881;3662802;5793;283801
World;2020-05-09 00:00:00.000;7975105024;89000;3751802;5552;289353
World;2020-05-10 00:00:00.000;7975105024;107387;3859189;7867;297220
World;2020-05-11 00:00:00.000;7975105024;85739;3944928;5168;302388
World;2020-05-12 00:00:00.000;7975105024;70364;4015292;4191;306579
World;2020-05-13 00:00:00.000;7975105024;76058;4091350;4132;310711
World;2020-05-14 00:00:00.000;7975105024;82949;4174299;5101;315812
World;2020-05-15 00:00:00.000;7975105024;83904;4258203;4925;320737
World;2020-05-16 00:00:00.000;7975105024;98861;4357064;5501;326238
World;2020-05-17 00:00:00.000;7975105024;112785;4469849;7147;333385
World;2020-05-18 00:00:00.000;7975105024;93744;4563593;4690;338075
World;2020-05-19 00:00:00.000;7975105024;76654;4640247;3931;342006
World;2020-05-20 00:00:00.000;7975105024;91735;4731982;4306;346312
World;2020-05-21 00:00:00.000;7975105024;100310;4832292;5095;351407
World;2020-05-22 00:00:00.000;7975105024;105440;4937732;5004;356411
World;2020-05-23 00:00:00.000;7975105024;103921;5041653;4931;361342
World;2020-05-24 00:00:00.000;7975105024;124883;5166536;6791;368133
World;2020-05-25 00:00:00.000;7975105024;95485;5262021;4225;372358
World;2020-05-26 00:00:00.000;7975105024;91133;5353154;4056;376414
World;2020-05-27 00:00:00.000;7975105024;87163;5440317;4146;380560
World;2020-05-28 00:00:00.000;7975105024;96524;5536841;4598;385158
World;2020-05-29 00:00:00.000;7975105024;105582;5642423;5082;390240
World;2020-05-30 00:00:00.000;7975105024;117950;5760373;5293;395533
World;2020-05-31 00:00:00.000;7975105024;135166;5895539;5968;401501
World;2020-06-01 00:00:00.000;7975105024;125118;6020657;4635;406136
World;2020-06-02 00:00:00.000;7975105024;107230;6127887;4152;410288
World;2020-06-03 00:00:00.000;7975105024;96853;6224740;4231;414519
World;2020-06-04 00:00:00.000;7975105024;121665;6346405;5240;419759
World;2020-06-05 00:00:00.000;7975105024;124158;6470563;5435;425194
World;2020-06-06 00:00:00.000;7975105024;124712;6595275;5468;430662
World;2020-06-07 00:00:00.000;7975105024;144927;6740202;5721;436383
World;2020-06-08 00:00:00.000;7975105024;123431;6863633;5001;441384
World;2020-06-09 00:00:00.000;7975105024;107888;6971521;4039;445423
World;2020-06-10 00:00:00.000;7975105024;106621;7078142;4521;449944
World;2020-06-11 00:00:00.000;7975105024;129160;7207302;5325;455269
World;2020-06-12 00:00:00.000;7975105024;138320;7345622;5475;460744
World;2020-06-13 00:00:00.000;7975105024;139352;7484974;5448;466192
World;2020-06-14 00:00:00.000;7975105024;157878;7642852;5467;471659
World;2020-06-15 00:00:00.000;7975105024;130437;7773289;4717;476376
World;2020-06-16 00:00:00.000;7975105024;116876;7890165;4395;480771
World;2020-06-17 00:00:00.000;7975105024;120969;8011134;6018;486789
World;2020-06-18 00:00:00.000;7975105024;179805;8190939;5510;492299
World;2020-06-19 00:00:00.000;7975105024;144831;8335770;5592;497891
World;2020-06-20 00:00:00.000;7975105024;140448;8476218;5517;503408
World;2020-06-21 00:00:00.000;7975105024;198046;8674264;5701;509109
World;2020-06-22 00:00:00.000;7975105024;152524;8826788;5050;514159
World;2020-06-23 00:00:00.000;7975105024;128230;8955018;4080;518239
World;2020-06-24 00:00:00.000;7975105024;138471;9093489;4271;522510
World;2020-06-25 00:00:00.000;7975105024;170341;9263830;5529;528039
World;2020-06-26 00:00:00.000;7975105024;176706;9440536;5333;533372
World;2020-06-27 00:00:00.000;7975105024;182628;9623164;7015;540387
World;2020-06-28 00:00:00.000;7975105024;209219;9832383;5451;545838
World;2020-06-29 00:00:00.000;7975105024;175673;10008056;4970;550808
World;2020-06-30 00:00:00.000;7975105024;155886;10163942;4367;555175
World;2020-07-01 00:00:00.000;7975105024;166991;10330933;4853;560028
World;2020-07-02 00:00:00.000;7975105024;181239;10512172;5262;565290
World;2020-07-03 00:00:00.000;7975105024;208313;10720485;5325;570615
World;2020-07-04 00:00:00.000;7975105024;210937;10931422;5529;576144
World;2020-07-05 00:00:00.000;7975105024;229607;11161029;6062;582206
World;2020-07-06 00:00:00.000;7975105024;188473;11349502;5217;587423
World;2020-07-07 00:00:00.000;7975105024;164436;11513938;4689;592112
World;2020-07-08 00:00:00.000;7975105024;173196;11687134;5034;597146
World;2020-07-09 00:00:00.000;7975105024;211012;11898146;5856;603002
World;2020-07-10 00:00:00.000;7975105024;222028;12120174;5906;608908
World;2020-07-11 00:00:00.000;7975105024;219118;12339292;5955;614863
World;2020-07-12 00:00:00.000;7975105024;250787;12590079;6138;621001
World;2020-07-13 00:00:00.000;7975105024;215682;12805761;5817;626818
World;2020-07-14 00:00:00.000;7975105024;190734;12996495;5145;631963
World;2020-07-15 00:00:00.000;7975105024;188894;13185389;5307;637270
World;2020-07-16 00:00:00.000;7975105024;227489;13412878;6165;643435
World;2020-07-17 00:00:00.000;7975105024;239929;13652807;6491;649926
World;2020-07-18 00:00:00.000;7975105024;241945;13894752;7200;657126
World;2020-07-19 00:00:00.000;7975105024;269480;14164232;6434;663560
World;2020-07-20 00:00:00.000;7975105024;226275;14390507;5982;669542
World;2020-07-21 00:00:00.000;7975105024;201103;14591610;5516;675058
World;2020-07-22 00:00:00.000;7975105024;205023;14796633;5568;680626
World;2020-07-23 00:00:00.000;7975105024;243585;15040218;7584;688210
World;2020-07-24 00:00:00.000;7975105024;285487;15325705;6491;694701
World;2020-07-25 00:00:00.000;7975105024;277336;15603041;6715;701416
World;2020-07-26 00:00:00.000;7975105024;304062;15907103;6928;708344
World;2020-07-27 00:00:00.000;7975105024;247805;16154908;6266;714610
World;2020-07-28 00:00:00.000;7975105024;211265;16366173;5536;720146
World;2020-07-29 00:00:00.000;7975105024;223117;16589290;5975;726121
World;2020-07-30 00:00:00.000;7975105024;254596;16843886;6319;732440
World;2020-07-31 00:00:00.000;7975105024;294027;17137913;7173;739613
World;2020-08-01 00:00:00.000;7975105024;283610;17421523;6603;746216
World;2020-08-02 00:00:00.000;7975105024;324816;17746339;6953;753169
World;2020-08-03 00:00:00.000;7975105024;249090;17995429;6574;759743
World;2020-08-04 00:00:00.000;7975105024;218152;18213581;5767;765510
World;2020-08-05 00:00:00.000;7975105024;212378;18425959;5850;771360
World;2020-08-06 00:00:00.000;7975105024;263365;18689324;6823;778183
World;2020-08-07 00:00:00.000;7975105024;282103;18971427;7075;785258
World;2020-08-08 00:00:00.000;7975105024;272733;19244160;6629;791887
World;2020-08-09 00:00:00.000;7975105024;340843;19585003;6971;798858
World;2020-08-10 00:00:00.000;7975105024;253611;19838614;6465;805323
World;2020-08-11 00:00:00.000;7975105024;212387;20051001;5582;810905
World;2020-08-12 00:00:00.000;7975105024;220947;20271948;5534;816439
World;2020-08-13 00:00:00.000;7975105024;280328;20552276;6767;823206
World;2020-08-14 00:00:00.000;7975105024;279122;20831398;6834;830040
World;2020-08-15 00:00:00.000;7975105024;284319;21115717;6593;836633
World;2020-08-16 00:00:00.000;7975105024;354561;21470278;6913;843546
World;2020-08-17 00:00:00.000;7975105024;241503;21711781;5832;849378
World;2020-08-18 00:00:00.000;7975105024;210859;21922640;5422;854800
World;2020-08-19 00:00:00.000;7975105024;220377;22143017;5587;860387
World;2020-08-20 00:00:00.000;7975105024;264548;22407565;6458;866845
World;2020-08-21 00:00:00.000;7975105024;271815;22679380;6729;873574
World;2020-08-22 00:00:00.000;7975105024;262878;22942258;6134;879708
World;2020-08-23 00:00:00.000;7975105024;351543;23293801;6549;886257
World;2020-08-24 00:00:00.000;7975105024;245335;23539136;5881;892138
World;2020-08-25 00:00:00.000;7975105024;210779;23749915;5177;897315
World;2020-08-26 00:00:00.000;7975105024;217765;23967680;5335;902650
World;2020-08-27 00:00:00.000;7975105024;267296;24234976;6377;909027
World;2020-08-28 00:00:00.000;7975105024;271945;24506921;6324;915351
World;2020-08-29 00:00:00.000;7975105024;267797;24774718;5762;921113
World;2020-08-30 00:00:00.000;7975105024;394311;25169029;6621;927734
World;2020-08-31 00:00:00.000;7975105024;256806;25425835;5732;933466
World;2020-09-01 00:00:00.000;7975105024;209702;25635537;4750;938216
World;2020-09-02 00:00:00.000;7975105024;254603;25890140;5054;943270
World;2020-09-03 00:00:00.000;7975105024;266184;26156324;6150;949420
World;2020-09-04 00:00:00.000;7975105024;277933;26434257;6154;955574
World;2020-09-05 00:00:00.000;7975105024;277331;26711588;5646;961220
World;2020-09-06 00:00:00.000;7975105024;442487;27154075;6514;967734
World;2020-09-07 00:00:00.000;7975105024;255751;27409826;9109;976843
World;2020-09-08 00:00:00.000;7975105024;214490;27624316;6550;983393
World;2020-09-09 00:00:00.000;7975105024;221333;27845649;4611;988004
World;2020-09-10 00:00:00.000;7975105024;246532;28092181;4936;992940
World;2020-09-11 00:00:00.000;7975105024;276385;28368566;5828;998768
World;2020-09-12 00:00:00.000;7975105024;282994;28651560;5628;1004396
World;2020-09-13 00:00:00.000;7975105024;467168;29118728;6580;1010976
World;2020-09-14 00:00:00.000;7975105024;264305;29383033;5217;1016193
World;2020-09-15 00:00:00.000;7975105024;229044;29612077;4963;1021156
World;2020-09-16 00:00:00.000;7975105024;244988;29857065;4725;1025881
World;2020-09-17 00:00:00.000;7975105024;278138;30135203;5719;1031600
World;2020-09-18 00:00:00.000;7975105024;291868;30427071;5944;1037544
World;2020-09-19 00:00:00.000;7975105024;286455;30713526;5354;1042898
World;2020-09-20 00:00:00.000;7975105024;501226;31214752;7120;1050018
World;2020-09-21 00:00:00.000;7975105024;264966;31479718;4994;1055012
World;2020-09-22 00:00:00.000;7975105024;225810;31705528;4457;1059469
World;2020-09-23 00:00:00.000;7975105024;251956;31957484;4705;1064174
World;2020-09-24 00:00:00.000;7975105024;291392;32248876;5344;1069518
World;2020-09-25 00:00:00.000;7975105024;286648;32535524;5551;1075069
World;2020-09-26 00:00:00.000;7975105024;287048;32822572;5504;1080573
World;2020-09-27 00:00:00.000;7975105024;496209;33318781;7163;1087736
World;2020-09-28 00:00:00.000;7975105024;263455;33582236;5073;1092809
World;2020-09-29 00:00:00.000;7975105024;223943;33806179;4361;1097170
World;2020-09-30 00:00:00.000;7975105024;253914;34060093;4603;1101773
World;2020-10-01 00:00:00.000;7975105024;290648;34350741;5592;1107365
World;2020-10-02 00:00:00.000;7975105024;298074;34648815;5617;1112982
World;2020-10-03 00:00:00.000;7975105024;294226;34943041;5035;1118017
World;2020-10-04 00:00:00.000;7975105024;508863;35451904;7290;1125307
World;2020-10-05 00:00:00.000;7975105024;272990;35724894;4842;1130149
World;2020-10-06 00:00:00.000;7975105024;229826;35954720;4510;1134659
World;2020-10-07 00:00:00.000;7975105024;272214;36226934;4598;1139257
World;2020-10-08 00:00:00.000;7975105024;321284;36548218;5447;1144704
World;2020-10-09 00:00:00.000;7975105024;314155;36862373;5820;1150524
World;2020-10-10 00:00:00.000;7975105024;320292;37182665;5223;1155747
World;2020-10-11 00:00:00.000;7975105024;634412;37817077;7686;1163433
World;2020-10-12 00:00:00.000;7975105024;284853;38101930;4630;1168063
World;2020-10-13 00:00:00.000;7975105024;253372;38355302;4466;1172529
World;2020-10-14 00:00:00.000;7975105024;292416;38647718;4420;1176949
World;2020-10-15 00:00:00.000;7975105024;314330;38962048;4738;1181687
World;2020-10-16 00:00:00.000;7975105024;339263;39301311;5400;1187087
World;2020-10-17 00:00:00.000;7975105024;341055;39642366;5394;1192481
World;2020-10-18 00:00:00.000;7975105024;772988;40415354;9039;1201520
World;2020-10-19 00:00:00.000;7975105024;303603;40718957;4825;1206345
World;2020-10-20 00:00:00.000;7975105024;273646;40992603;4755;1211100
World;2020-10-21 00:00:00.000;7975105024;342748;41335351;5055;1216155
World;2020-10-22 00:00:00.000;7975105024;370960;41706311;5643;1221798
World;2020-10-23 00:00:00.000;7975105024;386177;42092488;6070;1227868
World;2020-10-24 00:00:00.000;7975105024;391438;42483926;5655;1233523
World;2020-10-25 00:00:00.000;7975105024;1022321;43506247;11011;1244534
World;2020-10-26 00:00:00.000;7975105024;352063;43858310;5408;1249942
World;2020-10-27 00:00:00.000;7975105024;303886;44162196;4976;1254918
World;2020-10-28 00:00:00.000;7975105024;385703;44547899;5494;1260412
World;2020-10-29 00:00:00.000;7975105024;417567;44965466;6073;1266485
World;2020-10-30 00:00:00.000;7975105024;428566;45394032;6324;1272809
World;2020-10-31 00:00:00.000;7975105024;437288;45831320;6280;1279089
World;2020-11-01 00:00:00.000;7975105024;1201567;47032887;14944;1294033
World;2020-11-02 00:00:00.000;7975105024;379755;47412642;5957;1299990
World;2020-11-03 00:00:00.000;7975105024;406855;47819497;5607;1305597
World;2020-11-04 00:00:00.000;7975105024;413841;48233338;6186;1311783
World;2020-11-05 00:00:00.000;7975105024;447985;48681323;7059;1318842
World;2020-11-06 00:00:00.000;7975105024;482046;49163369;7560;1326402
World;2020-11-07 00:00:00.000;7975105024;490071;49653440;7727;1334129
World;2020-11-08 00:00:00.000;7975105024;1237029;50890469;18955;1353084
World;2020-11-09 00:00:00.000;7975105024;441144;51331613;6414;1359498
World;2020-11-10 00:00:00.000;7975105024;396109;51727722;6410;1365908
World;2020-11-11 00:00:00.000;7975105024;465238;52192960;7146;1373054
World;2020-11-12 00:00:00.000;7975105024;512688;52705648;8030;1381084
World;2020-11-13 00:00:00.000;7975105024;544376;53250024;7912;1388996
World;2020-11-14 00:00:00.000;7975105024;537667;53787691;8189;1397185
World;2020-11-15 00:00:00.000;7975105024;1152017;54939708;21322;1418507
World;2020-11-16 00:00:00.000;7975105024;478311;55418019;8040;1426547
World;2020-11-17 00:00:00.000;7975105024;420223;55838242;6774;1433321
World;2020-11-18 00:00:00.000;7975105024;473088;56311330;7294;1440615
World;2020-11-19 00:00:00.000;7975105024;537935;56849265;8929;1449544
World;2020-11-20 00:00:00.000;7975105024;544446;57393711;9144;1458688
World;2020-11-21 00:00:00.000;7975105024;552686;57946397;9354;1468042
World;2020-11-22 00:00:00.000;7975105024;1104130;59050527;24000;1492042
World;2020-11-23 00:00:00.000;7975105024;483704;59534231;8137;1500179
World;2020-11-24 00:00:00.000;7975105024;427121;59961352;8108;1508287
World;2020-11-25 00:00:00.000;7975105024;482387;60443739;8679;1516966
World;2020-11-26 00:00:00.000;7975105024;527382;60971121;9242;1526208
World;2020-11-27 00:00:00.000;7975105024;584229;61555350;9890;1536098
World;2020-11-28 00:00:00.000;7975105024;517656;62073006;9051;1545149
World;2020-11-29 00:00:00.000;7975105024;999686;63072692;23069;1568218
World;2020-11-30 00:00:00.000;7975105024;473528;63546220;7932;1576150
World;2020-12-01 00:00:00.000;7975105024;433234;63979454;8005;1584155
World;2020-12-02 00:00:00.000;7975105024;482754;64462208;8728;1592883
World;2020-12-03 00:00:00.000;7975105024;570491;65032699;9883;1602766
World;2020-12-04 00:00:00.000;7975105024;594949;65627648;10508;1613274
World;2020-12-05 00:00:00.000;7975105024;597515;66225163;10362;1623636
World;2020-12-06 00:00:00.000;7975105024;1048374;67273537;24027;1647663
World;2020-12-07 00:00:00.000;7975105024;517256;67790793;8689;1656352
World;2020-12-08 00:00:00.000;7975105024;464364;68255157;7776;1664128
World;2020-12-09 00:00:00.000;7975105024;514336;68769493;9206;1673334
World;2020-12-10 00:00:00.000;7975105024;602047;69371540;9750;1683084
World;2020-12-11 00:00:00.000;7975105024;599950;69971490;11166;1694250
World;2020-12-12 00:00:00.000;7975105024;585146;70556636;10090;1704340
World;2020-12-13 00:00:00.000;7975105024;1111374;71668010;25785;1730125
World;2020-12-14 00:00:00.000;7975105024;525405;72193415;9005;1739130
World;2020-12-15 00:00:00.000;7975105024;465706;72659121;8503;1747633
World;2020-12-16 00:00:00.000;7975105024;544985;73204106;9461;1757094
World;2020-12-17 00:00:00.000;7975105024;574334;73778440;10435;1767529
World;2020-12-18 00:00:00.000;7975105024;642017;74420457;11013;1778542
World;2020-12-19 00:00:00.000;7975105024;643254;75063711;11384;1789926
World;2020-12-20 00:00:00.000;7975105024;1146719;76210430;25889;1815815
World;2020-12-21 00:00:00.000;7975105024;519604;76730034;9556;1825371
World;2020-12-22 00:00:00.000;7975105024;477289;77207323;8667;1834038
World;2020-12-23 00:00:00.000;7975105024;526372;77733695;9633;1843671
World;2020-12-24 00:00:00.000;7975105024;592463;78326158;10865;1854536
World;2020-12-25 00:00:00.000;7975105024;586721;78912879;10821;1865357
World;2020-12-26 00:00:00.000;7975105024;544276;79457155;10055;1875412
World;2020-12-27 00:00:00.000;7975105024;871360;80328515;22194;1897606
World;2020-12-28 00:00:00.000;7975105024;406936;80735451;8180;1905786
World;2020-12-29 00:00:00.000;7975105024;445620;81181071;8946;1914732
World;2020-12-30 00:00:00.000;7975105024;513536;81694607;10137;1924869
World;2020-12-31 00:00:00.000;7975105024;652691;82347298;11956;1936825
World;2021-01-01 00:00:00.000;7975105024;660928;83008226;12356;1949181
World;2021-01-02 00:00:00.000;7975105024;590642;83598868;11269;1960450
World;2021-01-03 00:00:00.000;7975105024;976325;84575193;23455;1983905
World;2021-01-04 00:00:00.000;7975105024;517836;85093029;9154;1993059
World;2021-01-05 00:00:00.000;7975105024;522454;85615483;8868;2001927
World;2021-01-06 00:00:00.000;7975105024;570413;86185896;10328;2012255
World;2021-01-07 00:00:00.000;7975105024;685104;86871000;12299;2024554
World;2021-01-08 00:00:00.000;7975105024;694621;87565621;12470;2037024
World;2021-01-09 00:00:00.000;7975105024;718704;88284325;13281;2050305
World;2021-01-10 00:00:00.000;7975105024;1298484;89582809;25951;2076256
World;2021-01-11 00:00:00.000;7975105024;608939;90191748;11404;2087660
World;2021-01-12 00:00:00.000;7975105024;541424;90733172;10675;2098335
World;2021-01-13 00:00:00.000;7975105024;564747;91297919;11819;2110154
World;2021-01-14 00:00:00.000;7975105024;628229;91926148;13339;2123493
World;2021-01-15 00:00:00.000;7975105024;622940;92549088;13739;2137232
World;2021-01-16 00:00:00.000;7975105024;616478;93165566;13264;2150496
World;2021-01-17 00:00:00.000;7975105024;1270546;94436112;26732;2177228
World;2021-01-18 00:00:00.000;7975105024;531604;94967716;12058;2189286
World;2021-01-19 00:00:00.000;7975105024;469250;95436966;11226;2200512
World;2021-01-20 00:00:00.000;7975105024;472476;95909442;11744;2212256
World;2021-01-21 00:00:00.000;7975105024;516822;96426264;12966;2225222
World;2021-01-22 00:00:00.000;7975105024;554020;96980284;14171;2239393
World;2021-01-23 00:00:00.000;7975105024;527801;97508085;13615;2253008
World;2021-01-24 00:00:00.000;7975105024;1155184;98663269;27939;2280947
World;2021-01-25 00:00:00.000;7975105024;453015;99116284;11738;2292685
World;2021-01-26 00:00:00.000;7975105024;380414;99496698;11062;2303747
World;2021-01-27 00:00:00.000;7975105024;422120;99918818;11502;2315249
World;2021-01-28 00:00:00.000;7975105024;476345;100395163;13727;2328976
World;2021-01-29 00:00:00.000;7975105024;493957;100889120;13548;2342524
World;2021-01-30 00:00:00.000;7975105024;474683;101363803;13186;2355710
World;2021-01-31 00:00:00.000;7975105024;1035400;102399203;25898;2381608
World;2021-02-01 00:00:00.000;7975105024;397582;102796785;10923;2392531
World;2021-02-02 00:00:00.000;7975105024;331041;103127826;9864;2402395
World;2021-02-03 00:00:00.000;7975105024;373996;103501822;10628;2413023
World;2021-02-04 00:00:00.000;7975105024;414773;103916595;11821;2424844
World;2021-02-05 00:00:00.000;7975105024;401922;104318517;11790;2436634
World;2021-02-06 00:00:00.000;7975105024;411556;104730073;11016;2447650
World;2021-02-07 00:00:00.000;7975105024;834620;105564693;23250;2470900
World;2021-02-08 00:00:00.000;7975105024;340449;105905142;9765;2480665
World;2021-02-09 00:00:00.000;7975105024;294121;106199263;8455;2489120
World;2021-02-10 00:00:00.000;7975105024;309030;106508293;9318;2498438
World;2021-02-11 00:00:00.000;7975105024;354304;106862597;10576;2509014
World;2021-02-12 00:00:00.000;7975105024;373128;107235725;10679;2519693
World;2021-02-13 00:00:00.000;7975105024;366878;107602603;10864;2530557
World;2021-02-14 00:00:00.000;7975105024;682909;108285512;21839;2552396
World;2021-02-15 00:00:00.000;7975105024;291318;108576830;9419;2561815
World;2021-02-16 00:00:00.000;7975105024;257524;108834354;7762;2569577
World;2021-02-17 00:00:00.000;7975105024;289218;109123572;7692;2577269
World;2021-02-18 00:00:00.000;7975105024;319313;109442885;8198;2585467
World;2021-02-19 00:00:00.000;7975105024;332787;109775672;9140;2594607
World;2021-02-20 00:00:00.000;7975105024;331915;110107587;9297;2603904
World;2021-02-21 00:00:00.000;7975105024;652183;110759770;16928;2620832
World;2021-02-22 00:00:00.000;7975105024;301698;111061468;7761;2628593
World;2021-02-23 00:00:00.000;7975105024;266471;111327939;7149;2635742
World;2021-02-24 00:00:00.000;7975105024;297546;111625485;7573;2643315
World;2021-02-25 00:00:00.000;7975105024;362244;111987729;8310;2651625
World;2021-02-26 00:00:00.000;7975105024;370333;112358062;8729;2660354
World;2021-02-27 00:00:00.000;7975105024;367351;112725413;9434;2669788
World;2021-02-28 00:00:00.000;7975105024;695831;113421244;15051;2684839
World;2021-03-01 00:00:00.000;7975105024;313765;113735009;7512;2692351
World;2021-03-02 00:00:00.000;7975105024;269866;114004875;6580;2698931
World;2021-03-03 00:00:00.000;7975105024;311717;114316592;7182;2706113
World;2021-03-04 00:00:00.000;7975105024;357990;114674582;7785;2713898
World;2021-03-05 00:00:00.000;7975105024;378003;115052585;8791;2722689
World;2021-03-06 00:00:00.000;7975105024;375549;115428134;7910;2730599
World;2021-03-07 00:00:00.000;7975105024;730661;116158795;14723;2745322
World;2021-03-08 00:00:00.000;7975105024;320173;116478968;7045;2752367
World;2021-03-09 00:00:00.000;7975105024;322325;116801293;6692;2759059
World;2021-03-10 00:00:00.000;7975105024;312062;117113355;6778;2765837
World;2021-03-11 00:00:00.000;7975105024;385975;117499330;8018;2773855
World;2021-03-12 00:00:00.000;7975105024;405343;117904673;9008;2782863
World;2021-03-13 00:00:00.000;7975105024;405153;118309826;8448;2791311
World;2021-03-14 00:00:00.000;7975105024;812175;119122001;14698;2806009
World;2021-03-15 00:00:00.000;7975105024;349966;119471967;7303;2813312
World;2021-03-16 00:00:00.000;7975105024;311734;119783701;6620;2819932
World;2021-03-17 00:00:00.000;7975105024;350301;120134002;6980;2826912
World;2021-03-18 00:00:00.000;7975105024;442620;120576622;8859;2835771
World;2021-03-19 00:00:00.000;7975105024;460049;121036671;8987;2844758
World;2021-03-20 00:00:00.000;7975105024;461282;121497953;8848;2853606
World;2021-03-21 00:00:00.000;7975105024;952364;122450317;15586;2869192
World;2021-03-22 00:00:00.000;7975105024;409244;122859561;9840;2879032
World;2021-03-23 00:00:00.000;7975105024;361506;123221067;6921;2885953
World;2021-03-24 00:00:00.000;7975105024;412794;123633861;7893;2893846
World;2021-03-25 00:00:00.000;7975105024;495336;124129197;9521;2903367
World;2021-03-26 00:00:00.000;7975105024;522315;124651512;8649;2912016
World;2021-03-27 00:00:00.000;7975105024;519124;125170636;9144;2921160
World;2021-03-28 00:00:00.000;7975105024;1112190;126282826;17118;2938278
World;2021-03-29 00:00:00.000;7975105024;466103;126748929;8966;2947244
World;2021-03-30 00:00:00.000;7975105024;405391;127154320;8098;2955342
World;2021-03-31 00:00:00.000;7975105024;442859;127597179;8360;2963702
World;2021-04-01 00:00:00.000;7975105024;538564;128135743;10607;2974309
World;2021-04-02 00:00:00.000;7975105024;559434;128695177;10664;2984973
World;2021-04-03 00:00:00.000;7975105024;567320;129262497;10764;2995737
World;2021-04-04 00:00:00.000;7975105024;1134209;130396706;17976;3013713
World;2021-04-05 00:00:00.000;7975105024;468392;130865098;8167;3021880
World;2021-04-06 00:00:00.000;7975105024;426725;131291823;6882;3028762
World;2021-04-07 00:00:00.000;7975105024;485564;131777387;8571;3037333
World;2021-04-08 00:00:00.000;7975105024;622761;132400148;12451;3049784
World;2021-04-09 00:00:00.000;7975105024;658068;133058216;11809;3061593
World;2021-04-10 00:00:00.000;7975105024;651142;133709358;12544;3074137
World;2021-04-11 00:00:00.000;7975105024;1246423;134955781;19955;3094092
World;2021-04-12 00:00:00.000;7975105024;607836;135563617;10001;3104093
World;2021-04-13 00:00:00.000;7975105024;548118;136111735;9362;3113455
World;2021-04-14 00:00:00.000;7975105024;608987;136720722;9723;3123178
World;2021-04-15 00:00:00.000;7975105024;707942;137428664;12375;3135553
World;2021-04-16 00:00:00.000;7975105024;708645;138137309;12127;3147680
World;2021-04-17 00:00:00.000;7975105024;717477;138854786;12254;3159934
World;2021-04-18 00:00:00.000;7975105024;1333828;140188614;20068;3180002
World;2021-04-19 00:00:00.000;7975105024;707619;140896233;11399;3191401
World;2021-04-20 00:00:00.000;7975105024;639189;141535422;10206;3201607
World;2021-04-21 00:00:00.000;7975105024;679096;142214518;10839;3212446
World;2021-04-22 00:00:00.000;7975105024;783977;142998495;13090;3225536
World;2021-04-23 00:00:00.000;7975105024;800632;143799127;13221;3238757
World;2021-04-24 00:00:00.000;7975105024;762822;144561949;11879;3250636
World;2021-04-25 00:00:00.000;7975105024;1322654;145884603;20797;3271433
World;2021-04-26 00:00:00.000;7975105024;734680;146619283;12534;3283967
World;2021-04-27 00:00:00.000;7975105024;648591;147267874;10884;3294851
World;2021-04-28 00:00:00.000;7975105024;693540;147961414;11537;3306388
World;2021-04-29 00:00:00.000;7975105024;795050;148756464;14242;3320630
World;2021-04-30 00:00:00.000;7975105024;805128;149561592;13721;3334351
World;2021-05-01 00:00:00.000;7975105024;789274;150350866;13274;3347625
World;2021-05-02 00:00:00.000;7975105024;1227784;151578650;19884;3367509
World;2021-05-03 00:00:00.000;7975105024;710419;152289069;12188;3379697
World;2021-05-04 00:00:00.000;7975105024;638301;152927370;10553;3390250
World;2021-05-05 00:00:00.000;7975105024;680155;153607525;11266;3401516
World;2021-05-06 00:00:00.000;7975105024;777010;154384535;13622;3415138
World;2021-05-07 00:00:00.000;7975105024;784911;155169446;13261;3428399
World;2021-05-08 00:00:00.000;7975105024;757916;155927362;12906;3441305
World;2021-05-09 00:00:00.000;7975105024;1115862;157043224;18437;3459742
World;2021-05-10 00:00:00.000;7975105024;673393;157716617;12037;3471779
World;2021-05-11 00:00:00.000;7975105024;606745;158323362;10917;3482696
World;2021-05-12 00:00:00.000;7975105024;609857;158933219;11066;3493762
World;2021-05-13 00:00:00.000;7975105024;696552;159629771;12670;3506432
World;2021-05-14 00:00:00.000;7975105024;675556;160305327;12615;3519047
World;2021-05-15 00:00:00.000;7975105024;642044;160947371;11875;3530922
World;2021-05-16 00:00:00.000;7975105024;907892;161855263;16421;3547343
World;2021-05-17 00:00:00.000;7975105024;587849;162443112;11726;3559069
World;2021-05-18 00:00:00.000;7975105024;523811;162966923;11173;3570242
World;2021-05-19 00:00:00.000;7975105024;530837;163497760;11458;3581700
World;2021-05-20 00:00:00.000;7975105024;604609;164102369;12477;3594177
World;2021-05-21 00:00:00.000;7975105024;598508;164700877;12505;3606682
World;2021-05-22 00:00:00.000;7975105024;585534;165286411;12241;3618923
World;2021-05-23 00:00:00.000;7975105024;785530;166071941;14610;3633533
World;2021-05-24 00:00:00.000;7975105024;506899;166578840;11106;3644639
World;2021-05-25 00:00:00.000;7975105024;432361;167011201;9064;3653703
World;2021-05-26 00:00:00.000;7975105024;465859;167477060;10622;3664325
World;2021-05-27 00:00:00.000;7975105024;534445;168011505;11456;3675781
World;2021-05-28 00:00:00.000;7975105024;518627;168530132;11564;3687345
World;2021-05-29 00:00:00.000;7975105024;475562;169005694;11010;3698355
World;2021-05-30 00:00:00.000;7975105024;613750;169619444;13781;3712136
World;2021-05-31 00:00:00.000;7975105024;446119;170065563;10115;3722251
World;2021-06-01 00:00:00.000;7975105024;372511;170438074;8331;3730582
World;2021-06-02 00:00:00.000;7975105024;374552;170812626;8897;3739479
World;2021-06-03 00:00:00.000;7975105024;436419;171249045;10137;3749616
World;2021-06-04 00:00:00.000;7975105024;454057;171703102;10311;3759927
World;2021-06-05 00:00:00.000;7975105024;420288;172123390;9888;3769815
World;2021-06-06 00:00:00.000;7975105024;502073;172625463;10771;3780586
World;2021-06-07 00:00:00.000;7975105024;367186;172992649;8672;3789258
World;2021-06-08 00:00:00.000;7975105024;313540;173306189;7838;3797096
World;2021-06-09 00:00:00.000;7975105024;330868;173637057;8097;3805193
World;2021-06-10 00:00:00.000;7975105024;363867;174000924;13379;3818572
World;2021-06-11 00:00:00.000;7975105024;409388;174410312;11109;3829681
World;2021-06-12 00:00:00.000;7975105024;391459;174801771;11044;3840725
World;2021-06-13 00:00:00.000;7975105024;471588;175273359;11040;3851765
World;2021-06-14 00:00:00.000;7975105024;355519;175628878;10336;3862101
World;2021-06-15 00:00:00.000;7975105024;299317;175928195;8119;3870220
World;2021-06-16 00:00:00.000;7975105024;305760;176233955;7763;3877983
World;2021-06-17 00:00:00.000;7975105024;374250;176608205;9550;3887533
World;2021-06-18 00:00:00.000;7975105024;398899;177007104;9314;3896847
World;2021-06-19 00:00:00.000;7975105024;365229;177372333;8477;3905324
World;2021-06-20 00:00:00.000;7975105024;438168;177810501;9357;3914681
World;2021-06-21 00:00:00.000;7975105024;339089;178149590;7974;3922655
World;2021-06-22 00:00:00.000;7975105024;301342;178450932;6760;3929415
World;2021-06-23 00:00:00.000;7975105024;316429;178767361;7039;3936454
World;2021-06-24 00:00:00.000;7975105024;404093;179171454;8470;3944924
World;2021-06-25 00:00:00.000;7975105024;429330;179600784;8542;3953466
World;2021-06-26 00:00:00.000;7975105024;386776;179987560;8209;3961675
World;2021-06-27 00:00:00.000;7975105024;454819;180442379;9080;3970755
World;2021-06-28 00:00:00.000;7975105024;362338;180804717;7281;3978036
World;2021-06-29 00:00:00.000;7975105024;319349;181124066;6571;3984607
World;2021-06-30 00:00:00.000;7975105024;341786;181465852;6526;3991133
World;2021-07-01 00:00:00.000;7975105024;405127;181870979;8220;3999353
World;2021-07-02 00:00:00.000;7975105024;386688;182257667;8806;4008159
World;2021-07-03 00:00:00.000;7975105024;410033;182667700;7968;4016127
World;2021-07-04 00:00:00.000;7975105024;535007;183202707;8294;4024421
World;2021-07-05 00:00:00.000;7975105024;372454;183575161;7387;4031808
World;2021-07-06 00:00:00.000;7975105024;338404;183913565;6667;4038475
World;2021-07-07 00:00:00.000;7975105024;373659;184287224;7175;4045650
World;2021-07-08 00:00:00.000;7975105024;455792;184743016;8340;4053990
World;2021-07-09 00:00:00.000;7975105024;452183;185195199;8108;4062098
World;2021-07-10 00:00:00.000;7975105024;600189;185795388;8356;4070454
World;2021-07-11 00:00:00.000;7975105024;693499;186488887;8571;4079025
World;2021-07-12 00:00:00.000;7975105024;409800;186898687;7685;4086710
World;2021-07-13 00:00:00.000;7975105024;383604;187282291;7789;4094499
World;2021-07-14 00:00:00.000;7975105024;441816;187724107;7384;4101883
World;2021-07-15 00:00:00.000;7975105024;497191;188221298;8133;4110016
World;2021-07-16 00:00:00.000;7975105024;518953;188740251;8462;4118478
World;2021-07-17 00:00:00.000;7975105024;513398;189253649;8228;4126706
World;2021-07-18 00:00:00.000;7975105024;842385;190096034;8629;4135335
World;2021-07-19 00:00:00.000;7975105024;425710;190521744;7524;4142859
World;2021-07-20 00:00:00.000;7975105024;410386;190932130;7191;4150050
World;2021-07-21 00:00:00.000;7975105024;452730;191384860;19923;4169973
World;2021-07-22 00:00:00.000;7975105024;477230;191862090;8267;4178240
World;2021-07-23 00:00:00.000;7975105024;504667;192366757;8598;4186838
World;2021-07-24 00:00:00.000;7975105024;514443;192881200;8819;4195657
World;2021-07-25 00:00:00.000;7975105024;971938;193853138;9311;4204968
World;2021-07-26 00:00:00.000;7975105024;454513;194307651;8600;4213568
World;2021-07-27 00:00:00.000;7975105024;440893;194748544;8705;4222273
World;2021-07-28 00:00:00.000;7975105024;533141;195281685;8578;4230851
World;2021-07-29 00:00:00.000;7975105024;589951;195871636;10110;4240961
World;2021-07-30 00:00:00.000;7975105024;596050;196467686;9692;4250653
World;2021-07-31 00:00:00.000;7975105024;579958;197047644;9418;4260071
World;2021-08-01 00:00:00.000;7975105024;949543;197997187;9990;4270061
World;2021-08-02 00:00:00.000;7975105024;499520;198496707;8985;4279046
World;2021-08-03 00:00:00.000;7975105024;485207;198981914;9069;4288115
World;2021-08-04 00:00:00.000;7975105024;571064;199552978;9226;4297341
World;2021-08-05 00:00:00.000;7975105024;612522;200165500;10038;4307379
World;2021-08-06 00:00:00.000;7975105024;668937;200834437;10470;4317849
World;2021-08-07 00:00:00.000;7975105024;625286;201459723;10035;4327884
World;2021-08-08 00:00:00.000;7975105024;959369;202419092;11089;4338973
World;2021-08-09 00:00:00.000;7975105024;552159;202971251;9817;4348790
World;2021-08-10 00:00:00.000;7975105024;506965;203478216;8925;4357715
World;2021-08-11 00:00:00.000;7975105024;563949;204042165;9109;4366824
World;2021-08-12 00:00:00.000;7975105024;631968;204674133;10290;4377114
World;2021-08-13 00:00:00.000;7975105024;654238;205328371;10067;4387181
World;2021-08-14 00:00:00.000;7975105024;654326;205982697;9953;4397134
World;2021-08-15 00:00:00.000;7975105024;956348;206939045;11536;4408670
World;2021-08-16 00:00:00.000;7975105024;549309;207488354;9897;4418567
World;2021-08-17 00:00:00.000;7975105024;519488;208007842;8477;4427044
World;2021-08-18 00:00:00.000;7975105024;580942;208588784;9085;4436129
World;2021-08-19 00:00:00.000;7975105024;679796;209268580;10744;4446873
World;2021-08-20 00:00:00.000;7975105024;670827;209939407;10777;4457650
World;2021-08-21 00:00:00.000;7975105024;651735;210591142;9865;4467515
World;2021-08-22 00:00:00.000;7975105024;946986;211538128;12585;4480100
World;2021-08-23 00:00:00.000;7975105024;532180;212070308;9822;4489922
World;2021-08-24 00:00:00.000;7975105024;521323;212591631;8482;4498404
World;2021-08-25 00:00:00.000;7975105024;588224;213179855;9707;4508111
World;2021-08-26 00:00:00.000;7975105024;660488;213840343;10689;4518800
World;2021-08-27 00:00:00.000;7975105024;660420;214500763;9972;4528772
World;2021-08-28 00:00:00.000;7975105024;664645;215165408;9986;4538758
World;2021-08-29 00:00:00.000;7975105024;941572;216106980;12183;4550941
World;2021-08-30 00:00:00.000;7975105024;539337;216646317;8910;4559851
World;2021-08-31 00:00:00.000;7975105024;488649;217134966;8791;4568642
World;2021-09-01 00:00:00.000;7975105024;552003;217686969;9163;4577805
World;2021-09-02 00:00:00.000;7975105024;635095;218322064;9723;4587528
World;2021-09-03 00:00:00.000;7975105024;647491;218969555;9882;4597410
World;2021-09-04 00:00:00.000;7975105024;622102;219591657;9620;4607030
World;2021-09-05 00:00:00.000;7975105024;875212;220466869;11784;4618814
World;2021-09-06 00:00:00.000;7975105024;503495;220970364;9064;4627878
World;2021-09-07 00:00:00.000;7975105024;476546;221446910;8088;4635966
World;2021-09-08 00:00:00.000;7975105024;512623;221959533;8335;4644301
World;2021-09-09 00:00:00.000;7975105024;517429;222476962;8294;4652595
World;2021-09-10 00:00:00.000;7975105024;552829;223029791;8310;4660905
World;2021-09-11 00:00:00.000;7975105024;583734;223613525;9259;4670164
World;2021-09-12 00:00:00.000;7975105024;784145;224397670;11258;4681422
World;2021-09-13 00:00:00.000;7975105024;464679;224862349;8807;4690229
World;2021-09-14 00:00:00.000;7975105024;440335;225302684;7131;4697360
World;2021-09-15 00:00:00.000;7975105024;476259;225778943;7463;4704823
World;2021-09-16 00:00:00.000;7975105024;527349;226306292;9111;4713934
World;2021-09-17 00:00:00.000;7975105024;516496;226822788;9252;4723186
World;2021-09-18 00:00:00.000;7975105024;535268;227358056;8175;4731361
World;2021-09-19 00:00:00.000;7975105024;725388;228083444;10941;4742302
World;2021-09-20 00:00:00.000;7975105024;558736;228642180;7696;4749998
World;2021-09-21 00:00:00.000;7975105024;401593;229043773;6258;4756256
World;2021-09-22 00:00:00.000;7975105024;431403;229475176;7225;4763481
World;2021-09-23 00:00:00.000;7975105024;471145;229946321;8472;4771953
World;2021-09-24 00:00:00.000;7975105024;495735;230442056;7755;4779708
World;2021-09-25 00:00:00.000;7975105024;477131;230919187;7646;4787354
World;2021-09-26 00:00:00.000;7975105024;672706;231591893;10369;4797723
World;2021-09-27 00:00:00.000;7975105024;379663;231971556;6373;4804096
World;2021-09-28 00:00:00.000;7975105024;344829;232316385;6258;4810354
World;2021-09-29 00:00:00.000;7975105024;417394;232733779;7163;4817517
World;2021-09-30 00:00:00.000;7975105024;441155;233174934;7905;4825422
World;2021-10-01 00:00:00.000;7975105024;440601;233615535;7593;4833015
World;2021-10-02 00:00:00.000;7975105024;439503;234055038;7035;4840050
World;2021-10-03 00:00:00.000;7975105024;647675;234702713;10073;4850123
World;2021-10-04 00:00:00.000;7975105024;336507;235039220;5675;4855798
World;2021-10-05 00:00:00.000;7975105024;323435;235362655;5017;4860815
World;2021-10-06 00:00:00.000;7975105024;390159;235752814;5887;4866702
World;2021-10-07 00:00:00.000;7975105024;417243;236170057;7329;4874031
World;2021-10-08 00:00:00.000;7975105024;424290;236594347;7173;4881204
World;2021-10-09 00:00:00.000;7975105024;403688;236998035;6608;4887812
World;2021-10-10 00:00:00.000;7975105024;661969;237660004;10673;4898485
World;2021-10-11 00:00:00.000;7975105024;322331;237982335;5163;4903648
World;2021-10-12 00:00:00.000;7975105024;312050;238294385;5315;4908963
World;2021-10-13 00:00:00.000;7975105024;375510;238669895;5662;4914625
World;2021-10-14 00:00:00.000;7975105024;392463;239062358;6587;4921212
World;2021-10-15 00:00:00.000;7975105024;391731;239454089;6517;4927729
World;2021-10-16 00:00:00.000;7975105024;400030;239854119;6220;4933949
World;2021-10-17 00:00:00.000;7975105024;689547;240543666;10625;4944574
World;2021-10-18 00:00:00.000;7975105024;314362;240858028;5244;4949818
World;2021-10-19 00:00:00.000;7975105024;308816;241166844;4734;4954552
World;2021-10-20 00:00:00.000;7975105024;383327;241550171;6695;4961247
World;2021-10-21 00:00:00.000;7975105024;401447;241951618;6557;4967804
World;2021-10-22 00:00:00.000;7975105024;401534;242353152;6643;4974447
World;2021-10-23 00:00:00.000;7975105024;394047;242747199;6363;4980810
World;2021-10-24 00:00:00.000;7975105024;802989;243550188;13117;4993927
World;2021-10-25 00:00:00.000;7975105024;296224;243846412;5209;4999136
World;2021-10-26 00:00:00.000;7975105024;280037;244126449;4702;5003838
World;2021-10-27 00:00:00.000;7975105024;393707;244520156;6070;5009908
World;2021-10-28 00:00:00.000;7975105024;421549;244941705;7659;5017567
World;2021-10-29 00:00:00.000;7975105024;408475;245350180;7031;5024598
World;2021-10-30 00:00:00.000;7975105024;430372;245780552;6511;5031109
World;2021-10-31 00:00:00.000;7975105024;897486;246678038;13705;5044814
World;2021-11-01 00:00:00.000;7975105024;294865;246972903;4788;5049602
World;2021-11-02 00:00:00.000;7975105024;286330;247259233;4601;5054203
World;2021-11-03 00:00:00.000;7975105024;412090;247671323;5970;5060173
World;2021-11-04 00:00:00.000;7975105024;393709;248065032;6523;5066696
World;2021-11-05 00:00:00.000;7975105024;405816;248470848;6133;5072829
World;2021-11-06 00:00:00.000;7975105024;402001;248872849;6197;5079026
World;2021-11-07 00:00:00.000;7975105024;985492;249858341;15006;5094032
World;2021-11-08 00:00:00.000;7975105024;305923;250164264;4889;5098921
World;2021-11-09 00:00:00.000;7975105024;304791;250469055;4581;5103502
World;2021-11-10 00:00:00.000;7975105024;450474;250919529;6103;5109605
World;2021-11-11 00:00:00.000;7975105024;426571;251346100;6513;5116118
World;2021-11-12 00:00:00.000;7975105024;425328;251771428;6282;5122400
World;2021-11-13 00:00:00.000;7975105024;387354;252158782;5971;5128371
World;2021-11-14 00:00:00.000;7975105024;1177551;253336333;16188;5144559
World;2021-11-15 00:00:00.000;7975105024;351497;253687830;5429;5149988
World;2021-11-16 00:00:00.000;7975105024;314076;254001906;4544;5154532
World;2021-11-17 00:00:00.000;7975105024;485826;254487732;6258;5160790
World;2021-11-18 00:00:00.000;7975105024;449623;254937355;6715;5167505
World;2021-11-19 00:00:00.000;7975105024;456090;255393445;6971;5174476
World;2021-11-20 00:00:00.000;7975105024;467913;255861358;8694;5183170
World;2021-11-21 00:00:00.000;7975105024;1338362;257199720;16093;5199263
World;2021-11-22 00:00:00.000;7975105024;342128;257541848;4939;5204202
World;2021-11-23 00:00:00.000;7975105024;359595;257901443;4818;5209020
World;2021-11-24 00:00:00.000;7975105024;537630;258439073;6330;5215350
World;2021-11-25 00:00:00.000;7975105024;473340;258912413;6842;5222192
World;2021-11-26 00:00:00.000;7975105024;488810;259401223;6600;5228792
World;2021-11-27 00:00:00.000;7975105024;422628;259823851;5346;5234138
World;2021-11-28 00:00:00.000;7975105024;1423225;261247076;15308;5249446
World;2021-11-29 00:00:00.000;7975105024;350544;261597620;4818;5254264
World;2021-11-30 00:00:00.000;7975105024;354271;261951891;4789;5259053
World;2021-12-01 00:00:00.000;7975105024;466025;262417916;6663;5265716
World;2021-12-02 00:00:00.000;7975105024;502523;262920439;6848;5272564
World;2021-12-03 00:00:00.000;7975105024;514158;263434597;6963;5279527
World;2021-12-04 00:00:00.000;7975105024;504658;263939255;6239;5285766
World;2021-12-05 00:00:00.000;7975105024;1581207;265520462;17572;5303338
World;2021-12-06 00:00:00.000;7975105024;360851;265881313;4989;5308327
World;2021-12-07 00:00:00.000;7975105024;355869;266237182;4785;5313112
World;2021-12-08 00:00:00.000;7975105024;556418;266793600;6035;5319147
World;2021-12-09 00:00:00.000;7975105024;507356;267300956;6759;5325906
World;2021-12-10 00:00:00.000;7975105024;501861;267802817;6581;5332487
World;2021-12-11 00:00:00.000;7975105024;494633;268297450;5825;5338312
World;2021-12-12 00:00:00.000;7975105024;1537022;269834472;14811;5353123
World;2021-12-13 00:00:00.000;7975105024;376295;270210767;4609;5357732
World;2021-12-14 00:00:00.000;7975105024;373011;270583778;4740;5362472
World;2021-12-15 00:00:00.000;7975105024;583810;271167588;5965;5368437
World;2021-12-16 00:00:00.000;7975105024;562624;271730212;6572;5375009
World;2021-12-17 00:00:00.000;7975105024;575876;272306088;6769;5381778
World;2021-12-18 00:00:00.000;7975105024;572090;272878178;5435;5387213
World;2021-12-19 00:00:00.000;7975105024;1659125;274537303;13262;5400475
World;2021-12-20 00:00:00.000;7975105024;422346;274959649;4269;5404744
World;2021-12-21 00:00:00.000;7975105024;455925;275415574;4794;5409538
World;2021-12-22 00:00:00.000;7975105024;721815;276137389;6188;5415726
World;2021-12-23 00:00:00.000;7975105024;704473;276841862;6812;5422538
World;2021-12-24 00:00:00.000;7975105024;757634;277599496;6359;5428897
World;2021-12-25 00:00:00.000;7975105024;776354;278375850;7203;5436100
World;2021-12-26 00:00:00.000;7975105024;2251928;280627778;10950;5447050
World;2021-12-27 00:00:00.000;7975105024;475537;281103315;3850;5450900
World;2021-12-28 00:00:00.000;7975105024;684546;281787861;4190;5455090
World;2021-12-29 00:00:00.000;7975105024;1165129;282952990;6282;5461372
World;2021-12-30 00:00:00.000;7975105024;1157299;284110289;6932;5468304
World;2021-12-31 00:00:00.000;7975105024;1349829;285460118;5965;5474269
World;2022-01-01 00:00:00.000;7975105024;1431293;286891411;5346;5479615
World;2022-01-02 00:00:00.000;7975105024;4205067;291096478;10125;5489740
World;2022-01-03 00:00:00.000;7975105024;910286;292006764;3741;5493481
World;2022-01-04 00:00:00.000;7975105024;1183784;293190548;4001;5497482
World;2022-01-05 00:00:00.000;7975105024;2008468;295199016;6270;5503752
World;2022-01-06 00:00:00.000;7975105024;2045993;297245009;7209;5510961
World;2022-01-07 00:00:00.000;7975105024;2018451;299263460;6168;5517129
World;2022-01-08 00:00:00.000;7975105024;1990432;301253892;6285;5523414
World;2022-01-09 00:00:00.000;7975105024;6440074;307693966;11967;5535381
World;2022-01-10 00:00:00.000;7975105024;1640220;309334186;4513;5539894
World;2022-01-11 00:00:00.000;7975105024;1649090;310983276;5223;5545117
World;2022-01-12 00:00:00.000;7975105024;2788293;313771569;6834;5551951
World;2022-01-13 00:00:00.000;7975105024;2394846;316166415;8476;5560427
World;2022-01-14 00:00:00.000;7975105024;2496959;318663374;7122;5567549
World;2022-01-15 00:00:00.000;7975105024;2495098;321158472;6802;5574351
World;2022-01-16 00:00:00.000;7975105024;7197242;328355714;13372;5587723
World;2022-01-17 00:00:00.000;7975105024;1923026;330278740;6256;5593979
World;2022-01-18 00:00:00.000;7975105024;1817713;332096453;5533;5599512
World;2022-01-19 00:00:00.000;7975105024;2861042;334957495;6658;5606170
World;2022-01-20 00:00:00.000;7975105024;2861811;337819306;8132;5614302
World;2022-01-21 00:00:00.000;7975105024;2917335;340736641;9073;5623375
World;2022-01-22 00:00:00.000;7975105024;2814097;343550738;8240;5631615
World;2022-01-23 00:00:00.000;7975105024;8346578;351897316;15843;5647458
World;2022-01-24 00:00:00.000;7975105024;2087041;353984357;6142;5653600
World;2022-01-25 00:00:00.000;7975105024;2060165;356044522;6650;5660250
World;2022-01-26 00:00:00.000;7975105024;3012699;359057221;8692;5668942
World;2022-01-27 00:00:00.000;7975105024;2614148;361671369;9616;5678558
World;2022-01-28 00:00:00.000;7975105024;2657960;364329329;9831;5688389
World;2022-01-29 00:00:00.000;7975105024;2590554;366919883;9335;5697724
World;2022-01-30 00:00:00.000;7975105024;8401961;375321844;17569;5715293
World;2022-01-31 00:00:00.000;7975105024;1927371;377249215;7878;5723171
World;2022-02-01 00:00:00.000;7975105024;1746832;378996047;7036;5730207
World;2022-02-02 00:00:00.000;7975105024;2454183;381450230;10187;5740394
World;2022-02-03 00:00:00.000;7975105024;2292828;383743058;11660;5752054
World;2022-02-04 00:00:00.000;7975105024;2183458;385926516;10617;5762671
World;2022-02-05 00:00:00.000;7975105024;2245322;388171838;10049;5772720
World;2022-02-06 00:00:00.000;7975105024;7078280;395250118;18447;5791167
World;2022-02-07 00:00:00.000;7975105024;1596559;396846677;8203;5799370
World;2022-02-08 00:00:00.000;7975105024;1488329;398335006;7565;5806935
World;2022-02-09 00:00:00.000;7975105024;1954483;400289489;10474;5817409
World;2022-02-10 00:00:00.000;7975105024;1918808;402208297;11708;5829117
World;2022-02-11 00:00:00.000;7975105024;1813715;404022012;10509;5839626
World;2022-02-12 00:00:00.000;7975105024;1672963;405694975;9575;5849201
World;2022-02-13 00:00:00.000;7975105024;5467055;411162030;18421;5867622
World;2022-02-14 00:00:00.000;7975105024;1281711;412443741;7026;5874648
World;2022-02-15 00:00:00.000;7975105024;1253784;413697525;6678;5881326
World;2022-02-16 00:00:00.000;7975105024;1552755;415250280;9417;5890743
World;2022-02-17 00:00:00.000;7975105024;1547426;416797706;10164;5900907
World;2022-02-18 00:00:00.000;7975105024;1516529;418314235;10152;5911059
World;2022-02-19 00:00:00.000;7975105024;1432321;419746556;9069;5920128
World;2022-02-20 00:00:00.000;7975105024;4287357;424033913;17108;5937236
World;2022-02-21 00:00:00.000;7975105024;1095707;425129620;6294;5943530
World;2022-02-22 00:00:00.000;7975105024;1174016;426303636;6288;5949818
World;2022-02-23 00:00:00.000;7975105024;1332981;427636617;6981;5956799
World;2022-02-24 00:00:00.000;7975105024;1376730;429013347;9579;5966378
World;2022-02-25 00:00:00.000;7975105024;1343077;430356424;8689;5975067
World;2022-02-26 00:00:00.000;7975105024;1253463;431609887;8461;5983528
World;2022-02-27 00:00:00.000;7975105024;3473893;435083780;13186;5996714
World;2022-02-28 00:00:00.000;7975105024;1097209;436180989;6715;6003429
World;2022-03-01 00:00:00.000;7975105024;1072779;437253768;5429;6008858
World;2022-03-02 00:00:00.000;7975105024;1246206;438499974;7326;6016184
World;2022-03-03 00:00:00.000;7975105024;1321498;439821472;6756;6022940
World;2022-03-04 00:00:00.000;7975105024;1246557;441068029;7857;6030797
World;2022-03-05 00:00:00.000;7975105024;1234696;442302725;6318;6037115
World;2022-03-06 00:00:00.000;7975105024;3681307;445984032;11520;6048635
World;2022-03-07 00:00:00.000;7975105024;963737;446947769;4785;6053420
World;2022-03-08 00:00:00.000;7975105024;1190479;448138248;4669;6058089
World;2022-03-09 00:00:00.000;7975105024;1356669;449494917;5850;6063939
World;2022-03-10 00:00:00.000;7975105024;1282173;450777090;6145;6070084
World;2022-03-11 00:00:00.000;7975105024;1327295;452104385;6589;6076673
World;2022-03-12 00:00:00.000;7975105024;1539411;453643796;5652;6082325
World;2022-03-13 00:00:00.000;7975105024;4145716;457789512;10088;6092413
World;2022-03-14 00:00:00.000;7975105024;1156659;458946171;4223;6096636
World;2022-03-15 00:00:00.000;7975105024;1149739;460095910;3639;6100275
World;2022-03-16 00:00:00.000;7975105024;1616572;461712482;3902;6104177
World;2022-03-17 00:00:00.000;7975105024;1481256;463193738;5335;6109512
World;2022-03-18 00:00:00.000;7975105024;1288019;464481757;5268;6114780
World;2022-03-19 00:00:00.000;7975105024;1432562;465914319;4910;6119690
World;2022-03-20 00:00:00.000;7975105024;4253675;470167994;8977;6128667
World;2022-03-21 00:00:00.000;7975105024;982333;471150327;3661;6132328
World;2022-03-22 00:00:00.000;7975105024;1220982;472371309;14365;6146693
World;2022-03-23 00:00:00.000;7975105024;1181871;473553180;4151;6150844
World;2022-03-24 00:00:00.000;7975105024;1113875;474667055;4344;6155188
World;2022-03-25 00:00:00.000;7975105024;1134702;475801757;4363;6159551
World;2022-03-26 00:00:00.000;7975105024;1062165;476863922;7874;6167425
World;2022-03-27 00:00:00.000;7975105024;4302367;481166289;7718;6175143
World;2022-03-28 00:00:00.000;7975105024;1015045;482181334;2787;6177930
World;2022-03-29 00:00:00.000;7975105024;992205;483173539;2800;6180730
World;2022-03-30 00:00:00.000;7975105024;970272;484143811;3657;6184387
World;2022-03-31 00:00:00.000;7975105024;918896;485062707;3645;6188032
World;2022-04-01 00:00:00.000;7975105024;889140;485951847;3936;6191968
World;2022-04-02 00:00:00.000;7975105024;783636;486735483;3290;6195258
World;2022-04-03 00:00:00.000;7975105024;3799993;490535476;6744;6202002
World;2022-04-04 00:00:00.000;7975105024;638052;491173528;2294;6204296
World;2022-04-05 00:00:00.000;7975105024;677835;491851363;2376;6206672
World;2022-04-06 00:00:00.000;7975105024;726791;492578154;2653;6209325
World;2022-04-07 00:00:00.000;7975105024;750321;493328475;2970;6212295
World;2022-04-08 00:00:00.000;7975105024;685176;494013651;3284;6215579
World;2022-04-09 00:00:00.000;7975105024;595725;494609376;2939;6218518
World;2022-04-10 00:00:00.000;7975105024;3126328;497735704;6357;6224875
World;2022-04-11 00:00:00.000;7975105024;558863;498294567;2111;6226986
World;2022-04-12 00:00:00.000;7975105024;500156;498794723;1786;6228772
World;2022-04-13 00:00:00.000;7975105024;571893;499366616;2362;6231134
World;2022-04-14 00:00:00.000;7975105024;463084;499829700;2700;6233834
World;2022-04-15 00:00:00.000;7975105024;603433;500433133;2520;6236354
World;2022-04-16 00:00:00.000;7975105024;468415;500901548;2508;6238862
World;2022-04-17 00:00:00.000;7975105024;2531954;503433502;5218;6244080
World;2022-04-18 00:00:00.000;7975105024;405383;503838885;1739;6245819
World;2022-04-19 00:00:00.000;7975105024;331436;504170321;1441;6247260
World;2022-04-20 00:00:00.000;7975105024;390164;504560485;1949;6249209
World;2022-04-21 00:00:00.000;7975105024;502366;505062851;2237;6251446
World;2022-04-22 00:00:00.000;7975105024;477581;505540432;2400;6253846
World;2022-04-23 00:00:00.000;7975105024;403759;505944191;2266;6256112
World;2022-04-24 00:00:00.000;7975105024;2192707;508136898;4801;6260913
World;2022-04-25 00:00:00.000;7975105024;317835;508454733;1487;6262400
World;2022-04-26 00:00:00.000;7975105024;332264;508786997;2722;6265122
World;2022-04-27 00:00:00.000;7975105024;352738;509139735;1583;6266705
World;2022-04-28 00:00:00.000;7975105024;428276;509568011;2061;6268766
World;2022-04-29 00:00:00.000;7975105024;387244;509955255;2182;6270948
World;2022-04-30 00:00:00.000;7975105024;335928;510291183;1635;6272583
World;2022-05-01 00:00:00.000;7975105024;1845034;512136217;4594;6277177
World;2022-05-02 00:00:00.000;7975105024;263544;512399761;1403;6278580
World;2022-05-03 00:00:00.000;7975105024;245411;512645172;1101;6279681
World;2022-05-04 00:00:00.000;7975105024;326700;512971872;1265;6280946
World;2022-05-05 00:00:00.000;7975105024;346241;513318113;1880;6282826
World;2022-05-06 00:00:00.000;7975105024;366716;513684829;1930;6284756
World;2022-05-07 00:00:00.000;7975105024;375763;514060592;1471;6286227
World;2022-05-08 00:00:00.000;7975105024;1694759;515755351;3855;6290082
World;2022-05-09 00:00:00.000;7975105024;282345;516037696;1092;6291174
World;2022-05-10 00:00:00.000;7975105024;282568;516320264;821;6291995
World;2022-05-11 00:00:00.000;7975105024;414794;516735058;1225;6293220
World;2022-05-12 00:00:00.000;7975105024;423415;517158473;1648;6294868
World;2022-05-13 00:00:00.000;7975105024;434254;517592727;1582;6296450
World;2022-05-14 00:00:00.000;7975105024;386131;517978858;1338;6297788
World;2022-05-15 00:00:00.000;7975105024;1740695;519719553;3495;6301283
World;2022-05-16 00:00:00.000;7975105024;278073;519997626;1034;6302317
World;2022-05-17 00:00:00.000;7975105024;270178;520267804;830;6303147
World;2022-05-18 00:00:00.000;7975105024;431297;520699101;1267;6304414
World;2022-05-19 00:00:00.000;7975105024;452402;521151503;1516;6305930
World;2022-05-20 00:00:00.000;7975105024;435525;521587028;1430;6307360
World;2022-05-21 00:00:00.000;7975105024;380733;521967761;1130;6308490
World;2022-05-22 00:00:00.000;7975105024;1533912;523501673;3173;6311663
World;2022-05-23 00:00:00.000;7975105024;252703;523754376;859;6312522
World;2022-05-24 00:00:00.000;7975105024;276935;524031311;819;6313341
World;2022-05-25 00:00:00.000;7975105024;380977;524412288;1273;6314614
World;2022-05-26 00:00:00.000;7975105024;417396;524829684;1582;6316196
World;2022-05-27 00:00:00.000;7975105024;404284;525233968;1616;6317812
World;2022-05-28 00:00:00.000;7975105024;374238;525608206;1317;6319129
World;2022-05-29 00:00:00.000;7975105024;1280473;526888679;2873;6322002
World;2022-05-30 00:00:00.000;7975105024;241603;527130282;905;6322907
World;2022-05-31 00:00:00.000;7975105024;232026;527362308;683;6323590
World;2022-06-01 00:00:00.000;7975105024;309066;527671374;837;6324427
World;2022-06-02 00:00:00.000;7975105024;430203;528101577;1311;6325738
World;2022-06-03 00:00:00.000;7975105024;392226;528493803;1384;6327122
World;2022-06-04 00:00:00.000;7975105024;332493;528826296;1192;6328314
World;2022-06-05 00:00:00.000;7975105024;1321482;530147778;2707;6331021
World;2022-06-06 00:00:00.000;7975105024;216422;530364200;718;6331739
World;2022-06-07 00:00:00.000;7975105024;243785;530607985;744;6332483
World;2022-06-08 00:00:00.000;7975105024;382521;530990506;1069;6333552
World;2022-06-09 00:00:00.000;7975105024;448072;531438578;1478;6335030
World;2022-06-10 00:00:00.000;7975105024;416792;531855370;1664;6336694
World;2022-06-11 00:00:00.000;7975105024;404932;532260302;1118;6337812
World;2022-06-12 00:00:00.000;7975105024;1410769;533671071;2636;6340448
World;2022-06-13 00:00:00.000;7975105024;229789;533900860;775;6341223
World;2022-06-14 00:00:00.000;7975105024;242197;534143057;663;6341886
World;2022-06-15 00:00:00.000;7975105024;390539;534533596;1033;6342919
World;2022-06-16 00:00:00.000;7975105024;422174;534955770;1169;6344088
World;2022-06-17 00:00:00.000;7975105024;457475;535413245;1531;6345619
World;2022-06-18 00:00:00.000;7975105024;409783;535823028;1166;6346785
World;2022-06-19 00:00:00.000;7975105024;1618709;537441737;2788;6349573
World;2022-06-20 00:00:00.000;7975105024;256360;537698097;844;6350417
World;2022-06-21 00:00:00.000;7975105024;257319;537955416;763;6351180
World;2022-06-22 00:00:00.000;7975105024;410532;538365948;933;6352113
World;2022-06-23 00:00:00.000;7975105024;527310;538893258;1439;6353552
World;2022-06-24 00:00:00.000;7975105024;511398;539404656;1514;6355066
World;2022-06-25 00:00:00.000;7975105024;505838;539910494;1705;6356771
World;2022-06-26 00:00:00.000;7975105024;2123510;542034004;3279;6360050
World;2022-06-27 00:00:00.000;7975105024;326068;542360072;934;6360984
World;2022-06-28 00:00:00.000;7975105024;311382;542671454;847;6361831
World;2022-06-29 00:00:00.000;7975105024;485660;543157114;1066;6362897
World;2022-06-30 00:00:00.000;7975105024;621631;543778745;1617;6364514
World;2022-07-01 00:00:00.000;7975105024;590413;544369158;1523;6366037
World;2022-07-02 00:00:00.000;7975105024;609286;544978444;1884;6367921
World;2022-07-03 00:00:00.000;7975105024;2337628;547316072;3463;6371384
World;2022-07-04 00:00:00.000;7975105024;635588;547951660;1106;6372490
World;2022-07-05 00:00:00.000;7975105024;335780;548287440;804;6373294
World;2022-07-06 00:00:00.000;7975105024;570019;548857459;1044;6374338
World;2022-07-07 00:00:00.000;7975105024;679990;549537449;1620;6375958
World;2022-07-08 00:00:00.000;7975105024;683904;550221353;1898;6377856
World;2022-07-09 00:00:00.000;7975105024;694007;550915360;1913;6379769
World;2022-07-10 00:00:00.000;7975105024;2742668;553658028;4059;6383828
World;2022-07-11 00:00:00.000;7975105024;742526;554400554;1302;6385130
World;2022-07-12 00:00:00.000;7975105024;421890;554822444;946;6386076
World;2022-07-13 00:00:00.000;7975105024;725310;555547754;1436;6387512
World;2022-07-14 00:00:00.000;7975105024;778294;556326048;1889;6389401
World;2022-07-15 00:00:00.000;7975105024;772931;557098979;2047;6391448
World;2022-07-16 00:00:00.000;7975105024;794967;557893946;2135;6393583
World;2022-07-17 00:00:00.000;7975105024;2742664;560636610;4934;6398517
World;2022-07-18 00:00:00.000;7975105024;835866;561472476;1429;6399946
World;2022-07-19 00:00:00.000;7975105024;463209;561935685;1167;6401113
World;2022-07-20 00:00:00.000;7975105024;732641;562668326;1611;6402724
World;2022-07-21 00:00:00.000;7975105024;811111;563479437;2194;6404918
World;2022-07-22 00:00:00.000;7975105024;831863;564311300;2274;6407192
World;2022-07-23 00:00:00.000;7975105024;864363;565175663;2441;6409633
World;2022-07-24 00:00:00.000;7975105024;2632122;567807785;5269;6414902
World;2022-07-25 00:00:00.000;7975105024;914180;568721965;1874;6416776
World;2022-07-26 00:00:00.000;7975105024;555930;569277895;1375;6418151
World;2022-07-27 00:00:00.000;7975105024;797017;570074912;1812;6419963
World;2022-07-28 00:00:00.000;7975105024;831345;570906257;2228;6422191
World;2022-07-29 00:00:00.000;7975105024;849647;571755904;2257;6424448
World;2022-07-30 00:00:00.000;7975105024;856520;572612424;2710;6427158
World;2022-07-31 00:00:00.000;7975105024;2400068;575012492;5522;6432680
World;2022-08-01 00:00:00.000;7975105024;794964;575807456;1476;6434156
World;2022-08-02 00:00:00.000;7975105024;539286;576346742;1295;6435451
World;2022-08-03 00:00:00.000;7975105024;783006;577129748;1953;6437404
World;2022-08-04 00:00:00.000;7975105024;822725;577952473;2348;6439752
World;2022-08-05 00:00:00.000;7975105024;1225442;579177915;2349;6442101
World;2022-08-06 00:00:00.000;7975105024;823903;580001818;2593;6444694
World;2022-08-07 00:00:00.000;7975105024;1955314;581957132;5067;6449761
World;2022-08-08 00:00:00.000;7975105024;707937;582665069;1515;6451276
World;2022-08-09 00:00:00.000;7975105024;535941;583201010;1410;6452686
World;2022-08-10 00:00:00.000;7975105024;739038;583940048;1948;6454634
World;2022-08-11 00:00:00.000;7975105024;777856;584717904;2453;6457087
World;2022-08-12 00:00:00.000;7975105024;796156;585514060;2531;6459618
World;2022-08-13 00:00:00.000;7975105024;751419;586265479;2680;6462298
World;2022-08-14 00:00:00.000;7975105024;1444421;587709900;4728;6467026
World;2022-08-15 00:00:00.000;7975105024;612991;588322891;1511;6468537
World;2022-08-16 00:00:00.000;7975105024;424409;588747300;1249;6469786
World;2022-08-17 00:00:00.000;7975105024;687492;589434792;1949;6471735
World;2022-08-18 00:00:00.000;7975105024;775325;590210117;2306;6474041
World;2022-08-19 00:00:00.000;7975105024;776075;590986192;2247;6476288
World;2022-08-20 00:00:00.000;7975105024;779482;591765674;2694;6478982
World;2022-08-21 00:00:00.000;7975105024;1330561;593096235;3998;6482980
World;2022-08-22 00:00:00.000;7975105024;595698;593691933;1428;6484408
World;2022-08-23 00:00:00.000;7975105024;527654;594219587;1342;6485750
World;2022-08-24 00:00:00.000;7975105024;651689;594871276;1862;6487612
World;2022-08-25 00:00:00.000;7975105024;708962;595580238;2181;6489793
World;2022-08-26 00:00:00.000;7975105024;700147;596280385;2357;6492150
World;2022-08-27 00:00:00.000;7975105024;641145;596921530;2190;6494340
World;2022-08-28 00:00:00.000;7975105024;940492;597862022;3803;6498143
World;2022-08-29 00:00:00.000;7975105024;651257;598513279;1313;6499456
World;2022-08-30 00:00:00.000;7975105024;416570;598929849;1266;6500722
World;2022-08-31 00:00:00.000;7975105024;552381;599482230;1726;6502448
World;2022-09-01 00:00:00.000;7975105024;593939;600076169;2075;6504523
World;2022-09-02 00:00:00.000;7975105024;586842;600663011;2136;6506659
World;2022-09-03 00:00:00.000;7975105024;542713;601205724;2201;6508860
World;2022-09-04 00:00:00.000;7975105024;946183;602151907;3240;6512100
World;2022-09-05 00:00:00.000;7975105024;395763;602547670;1226;6513326
World;2022-09-06 00:00:00.000;7975105024;356497;602904167;1146;6514472
World;2022-09-07 00:00:00.000;7975105024;406113;603310280;1207;6515679
World;2022-09-08 00:00:00.000;7975105024;531520;603841800;1721;6517400
World;2022-09-09 00:00:00.000;7975105024;473172;604314972;1734;6519134
World;2022-09-10 00:00:00.000;7975105024;351052;604666024;1819;6520953
World;2022-09-11 00:00:00.000;7975105024;755321;605421345;2666;6523619
World;2022-09-12 00:00:00.000;7975105024;536203;605957548;983;6524602
World;2022-09-13 00:00:00.000;7975105024;289131;606246679;922;6525524
World;2022-09-14 00:00:00.000;7975105024;450789;606697468;1270;6526794
World;2022-09-15 00:00:00.000;7975105024;446141;607143609;1563;6528357
World;2022-09-16 00:00:00.000;7975105024;445033;607588642;1793;6530150
World;2022-09-17 00:00:00.000;7975105024;367825;607956467;1910;6532060
World;2022-09-18 00:00:00.000;7975105024;860687;608817154;2369;6534429
World;2022-09-19 00:00:00.000;7975105024;449135;609266289;779;6535208
World;2022-09-20 00:00:00.000;7975105024;262324;609528613;746;6535954
World;2022-09-21 00:00:00.000;7975105024;359678;609888291;1103;6537057
World;2022-09-22 00:00:00.000;7975105024;335898;610224189;1461;6538518
World;2022-09-23 00:00:00.000;7975105024;397288;610621477;1583;6540101
World;2022-09-24 00:00:00.000;7975105024;409121;611030598;1870;6541971
World;2022-09-25 00:00:00.000;7975105024;1004966;612035564;2419;6544390
World;2022-09-26 00:00:00.000;7975105024;268315;612303879;928;6545318
World;2022-09-27 00:00:00.000;7975105024;259089;612562968;672;6545990
World;2022-09-28 00:00:00.000;7975105024;301485;612864453;1037;6547027
World;2022-09-29 00:00:00.000;7975105024;359719;613224172;1310;6548337
World;2022-09-30 00:00:00.000;7975105024;362502;613586674;1929;6550266
World;2022-10-01 00:00:00.000;7975105024;423614;614010288;1553;6551819
World;2022-10-02 00:00:00.000;7975105024;1256132;615266420;2887;6554706
World;2022-10-03 00:00:00.000;7975105024;218215;615484635;1053;6555759
World;2022-10-04 00:00:00.000;7975105024;186872;615671507;768;6556527
World;2022-10-05 00:00:00.000;7975105024;341029;616012536;1027;6557554
World;2022-10-06 00:00:00.000;7975105024;330107;616342643;1363;6558917
World;2022-10-07 00:00:00.000;7975105024;326135;616668778;1663;6560580
World;2022-10-08 00:00:00.000;7975105024;376747;617045525;1893;6562473
World;2022-10-09 00:00:00.000;7975105024;1439629;618485154;3415;6565888
World;2022-10-10 00:00:00.000;7975105024;216243;618701397;876;6566764
World;2022-10-11 00:00:00.000;7975105024;185548;618886945;799;6567563
World;2022-10-12 00:00:00.000;7975105024;323197;619210142;1037;6568600
World;2022-10-13 00:00:00.000;7975105024;322595;619532737;1263;6569863
World;2022-10-14 00:00:00.000;7975105024;321472;619854209;1418;6571281
World;2022-10-15 00:00:00.000;7975105024;329839;620184048;1923;6573204
World;2022-10-16 00:00:00.000;7975105024;1476817;621660865;3653;6576857
World;2022-10-17 00:00:00.000;7975105024;215977;621876842;698;6577555
World;2022-10-18 00:00:00.000;7975105024;198748;622075590;775;6578330
World;2022-10-19 00:00:00.000;7975105024;311635;622387225;1182;6579512
World;2022-10-20 00:00:00.000;7975105024;283211;622670436;1382;6580894
World;2022-10-21 00:00:00.000;7975105024;226168;622896604;883;6581777
World;2022-10-22 00:00:00.000;7975105024;423554;623320158;3287;6585064
World;2022-10-23 00:00:00.000;7975105024;1238441;624558599;3540;6588604
World;2022-10-24 00:00:00.000;7975105024;175268;624733867;798;6589402
World;2022-10-25 00:00:00.000;7975105024;190076;624923943;541;6589943
World;2022-10-26 00:00:00.000;7975105024;257077;625181020;992;6590935
World;2022-10-27 00:00:00.000;7975105024;231017;625412037;886;6591821
World;2022-10-28 00:00:00.000;7975105024;474683;625886720;3944;6595765
World;2022-10-29 00:00:00.000;7975105024;282930;626169650;1151;6596916
World;2022-10-30 00:00:00.000;7975105024;923425;627093075;3140;6600056
World;2022-10-31 00:00:00.000;7975105024;175447;627268522;803;6600859
World;2022-11-01 00:00:00.000;7975105024;207399;627475921;625;6601484
World;2022-11-02 00:00:00.000;7975105024;260399;627736320;2135;6603619
World;2022-11-03 00:00:00.000;7975105024;225137;627961457;769;6604388
World;2022-11-04 00:00:00.000;7975105024;482803;628444260;3179;6607567
World;2022-11-05 00:00:00.000;7975105024;256625;628700885;1113;6608680
World;2022-11-06 00:00:00.000;7975105024;726917;629427802;2577;6611257
World;2022-11-07 00:00:00.000;7975105024;193736;629621538;803;6612060
World;2022-11-08 00:00:00.000;7975105024;248401;629869939;566;6612626
World;2022-11-09 00:00:00.000;7975105024;190499;630060438;826;6613452
World;2022-11-10 00:00:00.000;7975105024;270964;630331402;929;6614381
World;2022-11-11 00:00:00.000;7975105024;542145;630873547;3078;6617459
World;2022-11-12 00:00:00.000;7975105024;344017;631217564;1059;6618518
World;2022-11-13 00:00:00.000;7975105024;699416;631916980;2523;6621041
World;2022-11-14 00:00:00.000;7975105024;226904;632143884;657;6621698
World;2022-11-15 00:00:00.000;7975105024;280646;632424530;680;6622378
World;2022-11-16 00:00:00.000;7975105024;309667;632734197;726;6623104
World;2022-11-17 00:00:00.000;7975105024;274329;633008526;783;6623887
World;2022-11-18 00:00:00.000;7975105024;463926;633472452;2963;6626850
World;2022-11-19 00:00:00.000;7975105024;384460;633856912;1032;6627882
World;2022-11-20 00:00:00.000;7975105024;742846;634599758;2521;6630403
World;2022-11-21 00:00:00.000;7975105024;250603;634850361;687;6631090
World;2022-11-22 00:00:00.000;7975105024;278291;635128652;618;6631708
World;2022-11-23 00:00:00.000;7975105024;354410;635483062;777;6632485
World;2022-11-24 00:00:00.000;7975105024;257273;635740335;925;6633410
World;2022-11-25 00:00:00.000;7975105024;505335;636245670;3568;6636978
World;2022-11-26 00:00:00.000;7975105024;453775;636699445;1075;6638053
World;2022-11-27 00:00:00.000;7975105024;877793;637577238;2565;6640618
World;2022-11-28 00:00:00.000;7975105024;263873;637841111;741;6641359
World;2022-11-29 00:00:00.000;7975105024;305748;638146859;837;6642196
World;2022-11-30 00:00:00.000;7975105024;358261;638505120;883;6643079
World;2022-12-01 00:00:00.000;7975105024;346686;638851806;825;6643904
World;2022-12-02 00:00:00.000;7975105024;639608;639491414;2683;6646587
World;2022-12-03 00:00:00.000;7975105024;335306;639826720;1268;6647855
World;2022-12-04 00:00:00.000;7975105024;987527;640814247;2897;6650752
World;2022-12-05 00:00:00.000;7975105024;301979;641116226;881;6651633
World;2022-12-06 00:00:00.000;7975105024;307208;641423434;827;6652460
World;2022-12-07 00:00:00.000;7975105024;387611;641811045;1092;6653552
World;2022-12-08 00:00:00.000;7975105024;422874;642233919;1116;6654668
World;2022-12-09 00:00:00.000;7975105024;832899;643066818;4228;6658896
World;2022-12-10 00:00:00.000;7975105024;798193;643865011;1352;6660248
World;2022-12-11 00:00:00.000;7975105024;1564402;645429413;3312;6663560
World;2022-12-12 00:00:00.000;7975105024;1070966;646500379;1046;6664606
World;2022-12-13 00:00:00.000;7975105024;1228365;647728744;1011;6665617
World;2022-12-14 00:00:00.000;7975105024;1478671;649207415;1344;6666961
World;2022-12-15 00:00:00.000;7975105024;1564019;650771434;1074;6668035
World;2022-12-16 00:00:00.000;7975105024;2667072;653438506;4259;6672294
World;2022-12-17 00:00:00.000;7975105024;2696967;656135473;1698;6673992
World;2022-12-18 00:00:00.000;7975105024;4271456;660406929;4266;6678258
World;2022-12-19 00:00:00.000;7975105024;4364831;664771760;1433;6679691
World;2022-12-20 00:00:00.000;7975105024;5444146;670215906;1415;6681106
World;2022-12-21 00:00:00.000;7975105024;6336742;676552648;1811;6682917
World;2022-12-22 00:00:00.000;7975105024;6843176;683395824;2049;6684966
World;2022-12-23 00:00:00.000;7975105024;7852910;691248734;5093;6690059
World;2022-12-24 00:00:00.000;7975105024;6727761;697976495;2712;6692771
World;2022-12-25 00:00:00.000;7975105024;6666659;704643154;5797;6698568
World;2022-12-26 00:00:00.000;7975105024;4942860;709586014;2527;6701095
World;2022-12-27 00:00:00.000;7975105024;4866848;714452862;2009;6703104
World;2022-12-28 00:00:00.000;7975105024;4812477;719265339;3167;6706271
World;2022-12-29 00:00:00.000;7975105024;3730494;722995833;3555;6709826
World;2022-12-30 00:00:00.000;7975105024;3708599;726704432;6662;6716488
World;2022-12-31 00:00:00.000;7975105024;2783467;729487899;5556;6722044
World;2023-01-01 00:00:00.000;7975105024;2887955;732375854;8179;6730223
World;2023-01-02 00:00:00.000;7975105024;1837590;734213444;5218;6735441
World;2023-01-03 00:00:00.000;7975105024;1470316;735683760;5167;6740608
World;2023-01-04 00:00:00.000;7975105024;1633609;737317369;5566;6746174
World;2023-01-05 00:00:00.000;7975105024;1508041;738825410;4899;6751073
World;2023-01-06 00:00:00.000;7975105024;1850775;740676185;7320;6758393
World;2023-01-07 00:00:00.000;7975105024;1273749;741949934;5332;6763725
World;2023-01-08 00:00:00.000;7975105024;1383462;743333396;7570;6771295
World;2023-01-09 00:00:00.000;7975105024;881574;744214970;4510;6775805
World;2023-01-10 00:00:00.000;7975105024;598638;744813608;4304;6780109
World;2023-01-11 00:00:00.000;7975105024;618467;745432075;3904;6784013
World;2023-01-12 00:00:00.000;7975105024;640394;746072469;3465;6787478
World;2023-01-13 00:00:00.000;7975105024;1023267;747095736;7613;6795091
World;2023-01-14 00:00:00.000;7975105024;495337;747591073;4093;6799184
World;2023-01-15 00:00:00.000;7975105024;629229;748220302;4656;6803840
World;2023-01-16 00:00:00.000;7975105024;370260;748590562;2760;6806600
World;2023-01-17 00:00:00.000;7975105024;237844;748828406;2518;6809118
World;2023-01-18 00:00:00.000;7975105024;352794;749181200;2470;6811588
World;2023-01-19 00:00:00.000;7975105024;325724;749506924;2351;6813939
World;2023-01-20 00:00:00.000;7975105024;582803;750089727;5941;6819880
World;2023-01-21 00:00:00.000;7975105024;273777;750363504;2609;6822489
World;2023-01-22 00:00:00.000;7975105024;371662;750735166;3400;6825889
World;2023-01-23 00:00:00.000;7975105024;170064;750905230;859;6826748
World;2023-01-24 00:00:00.000;7975105024;107807;751013037;818;6827566
World;2023-01-25 00:00:00.000;7975105024;177453;751190490;3204;6830770
World;2023-01-26 00:00:00.000;7975105024;191300;751381790;895;6831665
World;2023-01-27 00:00:00.000;7975105024;459321;751841111;4740;6836405
World;2023-01-28 00:00:00.000;7975105024;163104;752004215;1086;6837491
World;2023-01-29 00:00:00.000;7975105024;290453;752294668;1999;6839490
World;2023-01-30 00:00:00.000;7975105024;134989;752429657;711;6840201
World;2023-01-31 00:00:00.000;7975105024;66298;752495955;784;6840985
World;2023-02-01 00:00:00.000;7975105024;176142;752672097;4355;6845340
World;2023-02-02 00:00:00.000;7975105024;130051;752802148;1077;6846417
World;2023-02-03 00:00:00.000;7975105024;432644;753234792;4329;6850746
World;2023-02-04 00:00:00.000;7975105024;178347;753413139;1294;6852040
World;2023-02-05 00:00:00.000;7975105024;267053;753680192;1734;6853774
World;2023-02-06 00:00:00.000;7975105024;107683;753787875;632;6854406
World;2023-02-07 00:00:00.000;7975105024;83529;753871404;587;6854993
World;2023-02-08 00:00:00.000;7975105024;134359;754005763;1603;6856596
World;2023-02-09 00:00:00.000;7975105024;133907;754139670;656;6857252
World;2023-02-10 00:00:00.000;7975105024;407557;754547227;4066;6861318
World;2023-02-11 00:00:00.000;7975105024;124726;754671953;930;6862248
World;2023-02-12 00:00:00.000;7975105024;255725;754927678;1554;6863802
World;2023-02-13 00:00:00.000;7975105024;90200;755017878;477;6864279
World;2023-02-14 00:00:00.000;7975105024;71703;755089581;586;6864865
World;2023-02-15 00:00:00.000;7975105024;135051;755224632;752;6865617
World;2023-02-16 00:00:00.000;7975105024;108707;755333339;465;6866082
World;2023-02-17 00:00:00.000;7975105024;357760;755691099;3466;6869548
World;2023-02-18 00:00:00.000;7975105024;99294;755790393;1109;6870657
World;2023-02-19 00:00:00.000;7975105024;283048;756073441;1621;6872278
World;2023-02-20 00:00:00.000;7975105024;98137;756171578;422;6872700
World;2023-02-21 00:00:00.000;7975105024;65796;756237374;490;6873190
World;2023-02-22 00:00:00.000;7975105024;99438;756336812;480;6873670
World;2023-02-23 00:00:00.000;7975105024;97543;756434355;354;6874024
World;2023-02-24 00:00:00.000;7975105024;93925;756528280;709;6874733
World;2023-02-25 00:00:00.000;7975105024;352416;756880696;3685;6878418
World;2023-02-26 00:00:00.000;7975105024;265639;757146335;1634;6880052
World;2023-02-27 00:00:00.000;7975105024;123567;757269902;428;6880480
World;2023-02-28 00:00:00.000;7975105024;57302;757327204;436;6880916
World;2023-03-01 00:00:00.000;7975105024;99346;757426550;480;6881396
World;2023-03-02 00:00:00.000;7975105024;100279;757526829;454;6881850
World;2023-03-03 00:00:00.000;7975105024;101783;757628612;695;6882545
World;2023-03-04 00:00:00.000;7975105024;306407;757935019;2990;6885535
World;2023-03-05 00:00:00.000;7975105024;239789;758174808;1495;6887030
World;2023-03-06 00:00:00.000;7975105024;126492;758301300;448;6887478
World;2023-03-07 00:00:00.000;7975105024;58172;758359472;412;6887890
World;2023-03-08 00:00:00.000;7975105024;86656;758446128;453;6888343
World;2023-03-09 00:00:00.000;7975105024;82822;758528950;361;6888704
World;2023-03-10 00:00:00.000;7975105024;77214;758606164;564;6889268
World;2023-03-11 00:00:00.000;7975105024;248584;758854748;2600;6891868
World;2023-03-12 00:00:00.000;7975105024;214895;759069643;1465;6893333
World;2023-03-13 00:00:00.000;7975105024;159852;759229495;733;6894066
World;2023-03-14 00:00:00.000;7975105024;57318;759286813;455;6894521
World;2023-03-15 00:00:00.000;7975105024;83265;759370078;394;6894915
World;2023-03-16 00:00:00.000;7975105024;80751;759450829;428;6895343
World;2023-03-17 00:00:00.000;7975105024;68009;759518838;471;6895814
World;2023-03-18 00:00:00.000;7975105024;208941;759727779;2472;6898286
World;2023-03-19 00:00:00.000;7975105024;221069;759948848;1616;6899902
World;2023-03-20 00:00:00.000;7975105024;153569;760102417;752;6900654
World;2023-03-21 00:00:00.000;7975105024;53703;760156120;380;6901034
World;2023-03-22 00:00:00.000;7975105024;67753;760223873;447;6901481
World;2023-03-23 00:00:00.000;7975105024;64960;760288833;424;6901905
World;2023-03-24 00:00:00.000;7975105024;62839;760351672;346;6902251
World;2023-03-25 00:00:00.000;7975105024;225817;760577489;2786;6905037
World;2023-03-26 00:00:00.000;7975105024;204468;760781957;1559;6906596
World;2023-03-27 00:00:00.000;7975105024;95649;760877606;466;6907062
World;2023-03-28 00:00:00.000;7975105024;44791;760922397;345;6907407
World;2023-03-29 00:00:00.000;7975105024;62717;760985114;328;6907735
World;2023-03-30 00:00:00.000;7975105024;114281;761099395;690;6908425
World;2023-03-31 00:00:00.000;7975105024;72646;761172041;446;6908871
World;2023-04-01 00:00:00.000;7975105024;233684;761405725;2254;6911125
World;2023-04-02 00:00:00.000;7975105024;198425;761604150;1487;6912612
World;2023-04-03 00:00:00.000;7975105024;106539;761710689;373;6912985
World;2023-04-04 00:00:00.000;7975105024;35455;761746144;230;6913215
World;2023-04-05 00:00:00.000;7975105024;54195;761800339;289;6913504
World;2023-04-06 00:00:00.000;7975105024;54352;761854691;365;6913869
World;2023-04-07 00:00:00.000;7975105024;49716;761904407;242;6914111
World;2023-04-08 00:00:00.000;7975105024;48160;761952567;333;6914444
World;2023-04-09 00:00:00.000;7975105024;352662;762305229;4000;6918444
World;2023-04-10 00:00:00.000;7975105024;93569;762398798;385;6918829
World;2023-04-11 00:00:00.000;7975105024;37040;762435838;237;6919066
World;2023-04-12 00:00:00.000;7975105024;51730;762487568;356;6919422
World;2023-04-13 00:00:00.000;7975105024;58926;762546494;299;6919721
World;2023-04-14 00:00:00.000;7975105024;56609;762603103;299;6920020
World;2023-04-15 00:00:00.000;7975105024;53586;762656689;354;6920374
World;2023-04-16 00:00:00.000;7975105024;343368;763000057;3325;6923699
World;2023-04-17 00:00:00.000;7975105024;112991;763113048;403;6924102
World;2023-04-18 00:00:00.000;7975105024;44704;763157752;263;6924365
World;2023-04-19 00:00:00.000;7975105024;62703;763220455;285;6924650
World;2023-04-20 00:00:00.000;7975105024;62962;763283417;353;6925003
World;2023-04-21 00:00:00.000;7975105024;60028;763343445;284;6925287
World;2023-04-22 00:00:00.000;7975105024;57513;763400958;252;6925539
World;2023-04-23 00:00:00.000;7975105024;336720;763737678;3435;6928974
World;2023-04-24 00:00:00.000;7975105024;112239;763849917;423;6929397
World;2023-04-25 00:00:00.000;7975105024;41681;763891598;266;6929663
World;2023-04-26 00:00:00.000;7975105024;60253;763951851;267;6929930
World;2023-04-27 00:00:00.000;7975105024;57348;764009199;272;6930202
World;2023-04-28 00:00:00.000;7975105024;57305;764066504;293;6930495
World;2023-04-29 00:00:00.000;7975105024;55986;764122490;279;6930774
World;2023-04-30 00:00:00.000;7975105024;299804;764422294;2949;6933723
World;2023-05-01 00:00:00.000;7975105024;105365;764527659;361;6934084
World;2023-05-02 00:00:00.000;7975105024;38906;764566565;220;6934304
World;2023-05-03 00:00:00.000;7975105024;56434;764622999;245;6934549
World;2023-05-04 00:00:00.000;7975105024;60988;764683987;265;6934814
World;2023-05-05 00:00:00.000;7975105024;52247;764736234;253;6935067
World;2023-05-06 00:00:00.000;7975105024;40465;764776699;262;6935329
World;2023-05-07 00:00:00.000;7975105024;255045;765031744;3113;6938442
World;2023-05-08 00:00:00.000;7975105024;124957;765156701;363;6938805
World;2023-05-09 00:00:00.000;7975105024;46755;765203456;207;6939012
World;2023-05-10 00:00:00.000;7975105024;42421;765245877;207;6939219
World;2023-05-11 00:00:00.000;7975105024;37853;765283730;207;6939426
World;2023-05-12 00:00:00.000;7975105024;39404;765323134;181;6939607
World;2023-05-13 00:00:00.000;7975105024;36268;765359402;241;6939848
World;2023-05-14 00:00:00.000;7975105024;239240;765598642;3651;6943499
World;2023-05-15 00:00:00.000;7975105024;113112;765711754;349;6943848
World;2023-05-16 00:00:00.000;7975105024;33312;765745066;137;6943985
World;2023-05-17 00:00:00.000;7975105024;38224;765783290;143;6944128
World;2023-05-18 00:00:00.000;7975105024;34452;765817742;171;6944299
World;2023-05-19 00:00:00.000;7975105024;30956;765848698;131;6944430
World;2023-05-20 00:00:00.000;7975105024;29372;765878070;213;6944643
World;2023-05-21 00:00:00.000;7975105024;148122;766026192;1488;6946131
World;2023-05-22 00:00:00.000;7975105024;120319;766146511;392;6946523
World;2023-05-23 00:00:00.000;7975105024;29813;766176324;139;6946662
World;2023-05-24 00:00:00.000;7975105024;34714;766211038;140;6946802
World;2023-05-25 00:00:00.000;7975105024;30147;766241185;207;6947009
World;2023-05-26 00:00:00.000;7975105024;28545;766269730;89;6947098
World;2023-05-27 00:00:00.000;7975105024;27244;766296974;124;6947222
World;2023-05-28 00:00:00.000;7975105024;116865;766413839;1587;6948809
World;2023-05-29 00:00:00.000;7975105024;95617;766509456;312;6949121
World;2023-05-30 00:00:00.000;7975105024;38939;766548395;54;6949175
World;2023-05-31 00:00:00.000;7975105024;31694;766580089;84;6949259
World;2023-06-01 00:00:00.000;7975105024;33524;766613613;145;6949404
World;2023-06-02 00:00:00.000;7975105024;25989;766639602;79;6949483
World;2023-06-03 00:00:00.000;7975105024;12458;766652060;163;6949646
World;2023-06-04 00:00:00.000;7975105024;86332;766738392;1037;6950683
World;2023-06-05 00:00:00.000;7975105024;104208;766842600;323;6951006
World;2023-06-06 00:00:00.000;7975105024;5172;766847772;78;6951084
World;2023-06-07 00:00:00.000;7975105024;32600;766880372;95;6951179
World;2023-06-08 00:00:00.000;7975105024;22513;766902885;100;6951279
World;2023-06-09 00:00:00.000;7975105024;25419;766928304;80;6951359
World;2023-06-10 00:00:00.000;7975105024;29591;766957895;128;6951487
World;2023-06-11 00:00:00.000;7975105024;96320;767054215;1472;6952959
World;2023-06-12 00:00:00.000;7975105024;84953;767139168;211;6953170
World;2023-06-13 00:00:00.000;7975105024;8333;767147501;57;6953227
World;2023-06-14 00:00:00.000;7975105024;4641;767152142;53;6953280
World;2023-06-15 00:00:00.000;7975105024;4149;767156291;68;6953348
World;2023-06-16 00:00:00.000;7975105024;3882;767160173;62;6953410
World;2023-06-17 00:00:00.000;7975105024;6820;767166993;115;6953525
World;2023-06-18 00:00:00.000;7975105024;56576;767223569;662;6954187
World;2023-06-19 00:00:00.000;7975105024;161014;767384583;522;6954709
World;2023-06-20 00:00:00.000;7975105024;2681;767387264;40;6954749
World;2023-06-21 00:00:00.000;7975105024;3506;767390770;47;6954796
World;2023-06-22 00:00:00.000;7975105024;3096;767393866;41;6954837
World;2023-06-23 00:00:00.000;7975105024;4478;767398344;40;6954877
World;2023-06-24 00:00:00.000;7975105024;4449;767402793;76;6954953
World;2023-06-25 00:00:00.000;7975105024;55999;767458792;1019;6955972
World;2023-06-26 00:00:00.000;7975105024;153723;767612515;430;6956402
World;2023-06-27 00:00:00.000;7975105024;2396;767614911;53;6956455
World;2023-06-28 00:00:00.000;7975105024;2529;767617440;36;6956491
World;2023-06-29 00:00:00.000;7975105024;2418;767619858;35;6956526
World;2023-06-30 00:00:00.000;7975105024;2593;767622451;17;6956543
World;2023-07-01 00:00:00.000;7975105024;3335;767625786;73;6956616
World;2023-07-02 00:00:00.000;7975105024;35760;767661546;536;6957152
World;2023-07-03 00:00:00.000;7975105024;158859;767820405;569;6957721
World;2023-07-04 00:00:00.000;7975105024;6032;767826437;54;6957775
World;2023-07-05 00:00:00.000;7975105024;1771;767828208;25;6957800
World;2023-07-06 00:00:00.000;7975105024;1773;767829981;20;6957820
World;2023-07-07 00:00:00.000;7975105024;1742;767831723;23;6957843
World;2023-07-08 00:00:00.000;7975105024;2666;767834389;47;6957890
World;2023-07-09 00:00:00.000;7975105024;29573;767863962;609;6958499
World;2023-07-10 00:00:00.000;7975105024;183876;768047838;257;6958756
World;2023-07-11 00:00:00.000;7975105024;1557;768049395;28;6958784
World;2023-07-12 00:00:00.000;7975105024;1959;768051354;32;6958816
World;2023-07-13 00:00:00.000;7975105024;1767;768053121;16;6958832
World;2023-07-14 00:00:00.000;7975105024;1777;768054898;18;6958850
World;2023-07-15 00:00:00.000;7975105024;2201;768057099;50;6958900
World;2023-07-16 00:00:00.000;7975105024;25051;768082150;388;6959288
World;2023-07-17 00:00:00.000;7975105024;231208;768313358;324;6959612
World;2023-07-18 00:00:00.000;7975105024;1514;768314872;43;6959655
World;2023-07-19 00:00:00.000;7975105024;2024;768316896;25;6959680
World;2023-07-20 00:00:00.000;7975105024;1929;768318825;24;6959704
World;2023-07-21 00:00:00.000;7975105024;1970;768320795;17;6959721
World;2023-07-22 00:00:00.000;7975105024;2553;768323348;22;6959743
World;2023-07-23 00:00:00.000;7975105024;29294;768352642;341;6960084
World;2023-07-24 00:00:00.000;7975105024;291188;768643830;226;6960310
World;2023-07-25 00:00:00.000;7975105024;4940;768648770;72;6960382
World;2023-07-26 00:00:00.000;7975105024;2275;768651045;19;6960401
World;2023-07-27 00:00:00.000;7975105024;2159;768653204;18;6960419
World;2023-07-28 00:00:00.000;7975105024;2198;768655402;26;6960445
World;2023-07-29 00:00:00.000;7975105024;2730;768658132;29;6960474
World;2023-07-30 00:00:00.000;7975105024;30479;768688611;471;6960945
World;2023-07-31 00:00:00.000;7975105024;343245;769031856;441;6961386
World;2023-08-01 00:00:00.000;7975105024;337747;769369603;278;6961664
World;2023-08-02 00:00:00.000;7975105024;3025;769372628;29;6961693
World;2023-08-03 00:00:00.000;7975105024;2883;769375511;36;6961729
World;2023-08-04 00:00:00.000;7975105024;3124;769378635;38;6961767
World;2023-08-05 00:00:00.000;7975105024;3466;769382101;39;6961806
World;2023-08-06 00:00:00.000;7975105024;12542;769394643;123;6961929
World;2023-08-07 00:00:00.000;7975105024;45127;769439770;154;6962083
World;2023-08-08 00:00:00.000;7975105024;67219;769506989;133;6962216
World;2023-08-09 00:00:00.000;7975105024;3288;769510277;40;6962256
World;2023-08-10 00:00:00.000;7975105024;3018;769513295;27;6962283
World;2023-08-11 00:00:00.000;7975105024;3313;769516608;25;6962308
World;2023-08-12 00:00:00.000;7975105024;3746;769520354;60;6962368
World;2023-08-13 00:00:00.000;7975105024;13199;769533553;126;6962494
World;2023-08-14 00:00:00.000;7975105024;331146;769864699;293;6962787
World;2023-08-15 00:00:00.000;7975105024;7473;769872172;95;6962882
World;2023-08-16 00:00:00.000;7975105024;3663;769875835;33;6962915
World;2023-08-17 00:00:00.000;7975105024;2929;769878764;69;6962984
World;2023-08-18 00:00:00.000;7975105024;4377;769883141;53;6963037
World;2023-08-19 00:00:00.000;7975105024;5161;769888302;60;6963097
World;2023-08-20 00:00:00.000;7975105024;16577;769904879;126;6963223
World;2023-08-21 00:00:00.000;7975105024;315530;770220409;273;6963496
World;2023-08-22 00:00:00.000;7975105024;7694;770228103;193;6963689
World;2023-08-23 00:00:00.000;7975105024;5712;770233815;17;6963706
World;2023-08-24 00:00:00.000;7975105024;5200;770239015;27;6963733
World;2023-08-25 00:00:00.000;7975105024;4820;770243835;22;6963755
World;2023-08-26 00:00:00.000;7975105024;5471;770249306;26;6963781
World;2023-08-27 00:00:00.000;7975105024;20997;770270303;131;6963912
World;2023-08-28 00:00:00.000;7975105024;292319;770562622;119;6964031
World;2023-08-29 00:00:00.000;7975105024;8626;770571248;58;6964089
World;2023-08-30 00:00:00.000;7975105024;6453;770577701;22;6964111
World;2023-08-31 00:00:00.000;7975105024;5415;770583116;15;6964126
World;2023-09-01 00:00:00.000;7975105024;5981;770589097;24;6964150
World;2023-09-02 00:00:00.000;7975105024;6600;770595697;117;6964267
World;2023-09-03 00:00:00.000;7975105024;10888;770606585;27;6964294
World;2023-09-04 00:00:00.000;7975105024;169167;770775752;224;6964518
World;2023-09-05 00:00:00.000;7975105024;11699;770787451;84;6964602
World;2023-09-06 00:00:00.000;7975105024;9441;770796892;15;6964617
World;2023-09-07 00:00:00.000;7975105024;7766;770804658;25;6964642
World;2023-09-08 00:00:00.000;7975105024;7606;770812264;44;6964686
World;2023-09-09 00:00:00.000;7975105024;8321;770820585;15;6964701
World;2023-09-10 00:00:00.000;7975105024;14774;770835359;734;6965435
World;2023-09-11 00:00:00.000;7975105024;33918;770869277;88;6965523
World;2023-09-12 00:00:00.000;7975105024;15358;770884635;96;6965619
World;2023-09-13 00:00:00.000;7975105024;11206;770895841;20;6965639
World;2023-09-14 00:00:00.000;7975105024;7668;770903509;24;6965663
World;2023-09-15 00:00:00.000;7975105024;659;770904168;2;6965665
World;2023-09-16 00:00:00.000;7975105024;1055;770905223;3;6965668
World;2023-09-17 00:00:00.000;7975105024;12926;770918149;24;6965692
World;2023-09-18 00:00:00.000;7975105024;18349;770936498;77;6965769
World;2023-09-19 00:00:00.000;7975105024;16078;770952576;67;6965836
World;2023-09-20 00:00:00.000;7975105024;138;770952714;1;6965837
World;2023-09-21 00:00:00.000;7975105024;134;770952848;0;6965837
World;2023-09-22 00:00:00.000;7975105024;960;770953808;1;6965838
World;2023-09-23 00:00:00.000;7975105024;597;770954405;2;6965840
World;2023-09-24 00:00:00.000;7975105024;1060;770955465;22;6965862
World;2023-09-25 00:00:00.000;7975105024;0;770955465;0;6965862
World;2023-09-26 00:00:00.000;7975105024;0;770955465;0;6965862
World;2023-09-27 00:00:00.000;7975105024;0;770955465;0;6965862
World;2023-09-28 00:00:00.000;7975105024;NULL;770955465;NULL;6965862
World;2023-09-29 00:00:00.000;7975105024;NULL;770955465;NULL;6965862
World;2023-09-30 00:00:00.000;7975105024;NULL;770955465;NULL;6965862
World;2023-10-01 00:00:00.000;7975105024;NULL;770955465;NULL;6965862
World;2023-10-02 00:00:00.000;7975105024;NULL;770955465;NULL;6965862
